numberOfJoints: 16
joints2D: [266.0, 64.0, 234.0, 117.0, 229.0, 180.0, 178.0, 115.0, 272.0, 118.0, 0.0, 0.0, 0.0, 0.0, 0.0, 0.0, 0.0, 0.0, 192.0, 245.0, 255.0, 255.0, 0.0, 0.0, 0.0, 0.0, 0.0, 0.0, 0.0, 0.0, 224.0, 250.0]
joints3D: [-176.60760498046875, -572.7275390625, 1737.142822265625, -278.9092102050781, -400.87188720703125, 1737.1429443359375, -280.309326171875, -185.73406982421875, 1655.105224609375, -458.32745361328125, -404.1524963378906, 1727.122314453125, -157.07716369628906, -400.4049377441406, 1749.626953125, 0.0, 0.0, -0.0, 0.0, 0.0, -0.0, 0.0, 0.0, -0.0, 0.0, 0.0, -0.0, -369.96685791015625, 13.13492202758789, 1551.712890625, -193.45199584960938, 45.67256164550781, 1594.421875, 0.0, 0.0, -0.0, 0.0, 0.0, -0.0, 0.0, 0.0, -0.0, 0.0, 0.0, -0.0, -281.70941162109375, 29.403743743896484, 1573.0673828125]
timestamp: 354
---
numberOfJoints: 16
joints2D: [271.0, 65.0, 243.0, 122.0, 241.0, 184.0, 181.0, 119.0, 279.0, 124.0, 0.0, 0.0, 0.0, 0.0, 0.0, 0.0, 0.0, 0.0, 208.0, 247.0, 268.0, 255.0, 0.0, 0.0, 0.0, 0.0, 0.0, 0.0, 0.0, 0.0, 238.0, 251.0]
joints3D: [-159.83905029296875, -569.318115234375, 1735.3333740234375, -248.91049194335938, -384.00927734375, 1733.9703369140625, -245.4533233642578, -175.65374755859375, 1661.5732421875, -447.27655029296875, -391.86376953125, 1721.40966796875, -133.1068115234375, -381.2757873535156, 1749.771728515625, 0.0, 0.0, -0.0, 0.0, 0.0, -0.0, 0.0, 0.0, -0.0, 0.0, 0.0, -0.0, -325.7957763671875, 19.504150390625, 1552.9339599609375, -158.196533203125, 45.899436950683594, 1625.4185791015625, 0.0, 0.0, -0.0, 0.0, 0.0, -0.0, 0.0, 0.0, -0.0, 0.0, 0.0, -0.0, -241.99615478515625, 32.7017936706543, 1589.17626953125]
timestamp: 355
---
numberOfJoints: 16
joints2D: [274.0, 65.0, 249.0, 122.0, 244.0, 183.0, 188.0, 117.0, 284.0, 124.0, 0.0, 0.0, 0.0, 0.0, 0.0, 0.0, 0.0, 0.0, 208.0, 245.0, 270.0, 255.0, 0.0, 0.0, 0.0, 0.0, 0.0, 0.0, 0.0, 0.0, 240.0, 250.0]
joints3D: [-149.5831298828125, -569.3202514648438, 1740.0, -231.70281982421875, -386.4392395019531, 1739.891357421875, -234.36891174316406, -177.95860290527344, 1659.6956787109375, -425.624755859375, -396.3528137207031, 1723.8690185546875, -117.80659484863281, -381.1880798339844, 1749.5709228515625, 0.0, 0.0, -0.0, 0.0, 0.0, -0.0, 0.0, 0.0, -0.0, 0.0, 0.0, -0.0, -323.9582214355469, 15.904467582702637, 1552.283447265625, -150.11178588867188, 45.13959884643555, 1606.716552734375, 0.0, 0.0, -0.0, 0.0, 0.0, -0.0, 0.0, 0.0, -0.0, 0.0, 0.0, -0.0, -237.03500366210938, 30.52203369140625, 1579.5]
timestamp: 356
---
numberOfJoints: 16
joints2D: [279.0, 66.0, 256.0, 123.0, 254.0, 183.0, 194.0, 119.0, 293.0, 126.0, 0.0, 0.0, 0.0, 0.0, 0.0, 0.0, 0.0, 0.0, 220.0, 245.0, 281.0, 253.0, 0.0, 0.0, 0.0, 0.0, 0.0, 0.0, 0.0, 0.0, 251.0, 249.0]
joints3D: [-133.09046936035156, -571.17138671875, 1746.4285888671875, -207.10324096679688, -382.0841064453125, 1745.4542236328125, -206.16519165039062, -177.50753784179688, 1669.97705078125, -406.738037109375, -392.4900817871094, 1728.9407958984375, -90.17109680175781, -376.8592529296875, 1758.9256591796875, 0.0, 0.0, -0.0, 0.0, 0.0, -0.0, 0.0, 0.0, -0.0, 0.0, 0.0, -0.0, -292.3357238769531, 14.623321533203125, 1566.800537109375, -118.11856079101562, 39.514739990234375, 1622.199462890625, 0.0, 0.0, -0.0, 0.0, 0.0, -0.0, 0.0, 0.0, -0.0, 0.0, 0.0, -0.0, -205.22714233398438, 27.06903076171875, 1594.5]
timestamp: 357
---
numberOfJoints: 16
joints2D: [286.0, 64.0, 264.0, 129.0, 261.0, 186.0, 207.0, 116.0, 305.0, 138.0, 0.0, 0.0, 0.0, 0.0, 0.0, 0.0, 0.0, 0.0, 226.0, 243.0, 288.0, 253.0, 0.0, 0.0, 0.0, 0.0, 0.0, 0.0, 0.0, 0.0, 257.0, 248.0]
joints3D: [-110.5257797241211, -575.944580078125, 1743.0, -182.235107421875, -362.1328125, 1742.78271484375, -184.63763427734375, -169.0575408935547, 1666.641357421875, -364.83087158203125, -399.82916259765625, 1725.8782958984375, -51.738037109375, -343.75335693359375, 1794.0, 0.0, 0.0, -0.0, 0.0, 0.0, -0.0, 0.0, 0.0, -0.0, 0.0, 0.0, -0.0, -277.13873291015625, 9.885302543640137, 1576.6224365234375, -96.94160461425781, 38.1501579284668, 1604.3775634765625, 0.0, 0.0, -0.0, 0.0, 0.0, -0.0, 0.0, 0.0, -0.0, 0.0, 0.0, -0.0, -187.0401611328125, 24.017730712890625, 1590.5]
timestamp: 358
---
numberOfJoints: 16
joints2D: [290.0, 55.0, 268.0, 117.0, 265.0, 177.0, 209.0, 112.0, 301.0, 120.0, 0.0, 0.0, 0.0, 0.0, 0.0, 0.0, 0.0, 0.0, 231.0, 236.0, 293.0, 246.0, 0.0, 0.0, 0.0, 0.0, 0.0, 0.0, 0.0, 0.0, 262.0, 241.0]
joints3D: [-98.09877014160156, -599.5703125, 1726.0, -166.9456024169922, -396.68341064453125, 1724.98486328125, -169.49163818359375, -197.14279174804688, 1659.492431640625, -348.67919921875, -402.3243408203125, 1682.646240234375, -60.555267333984375, -394.84783935546875, 1751.4453125, 0.0, 0.0, -0.0, 0.0, 0.0, -0.0, 0.0, 0.0, -0.0, 0.0, 0.0, -0.0, -262.2911376953125, -12.895464897155762, 1582.57666015625, -81.78424072265625, 17.691120147705078, 1605.42333984375, 0.0, 0.0, -0.0, 0.0, 0.0, -0.0, 0.0, 0.0, -0.0, 0.0, 0.0, -0.0, -172.03768920898438, 2.3978271484375, 1594.0]
timestamp: 359
---
numberOfJoints: 16
joints2D: [291.0, 59.0, 277.0, 127.0, 275.0, 187.0, 224.0, 113.0, 323.0, 139.0, 0.0, 0.0, 0.0, 0.0, 0.0, 0.0, 0.0, 0.0, 242.0, 249.0, 302.0, 256.0, 0.0, 0.0, 0.0, 0.0, 0.0, 0.0, 0.0, 0.0, 273.0, 252.0]
joints3D: [-93.11677551269531, -580.11865234375, 1713.7142333984375, -137.03326416015625, -362.13531494140625, 1713.3857421875, -139.0614776611328, -162.68447875976562, 1651.94287109375, -300.74432373046875, -399.7861328125, 1679.147216796875, 9.619384765625, -344.0716857910156, 1823.0, 0.0, 0.0, -0.0, 0.0, 0.0, -0.0, 0.0, 0.0, -0.0, 0.0, 0.0, -0.0, -229.05889892578125, 24.952102661132812, 1565.3623046875, -53.12047576904297, 48.58061218261719, 1615.6376953125, 0.0, 0.0, -0.0, 0.0, 0.0, -0.0, 0.0, 0.0, -0.0, 0.0, 0.0, -0.0, -141.08969116210938, 36.766357421875, 1590.5]
timestamp: 360
---
numberOfJoints: 16
joints2D: [291.0, 60.0, 273.0, 120.0, 273.0, 185.0, 230.0, 110.0, 320.0, 132.0, 0.0, 0.0, 0.0, 0.0, 0.0, 0.0, 0.0, 0.0, 243.0, 249.0, 303.0, 262.0, 0.0, 0.0, 0.0, 0.0, 0.0, 0.0, 0.0, 0.0, 273.0, 256.0]
joints3D: [-93.41911315917969, -576.9691772460938, 1710.142822265625, -151.6879425048828, -390.4603271484375, 1742.600341796875, -145.28375244140625, -172.03858947753906, 1667.751708984375, -280.320068359375, -405.7608947753906, 1660.33447265625, 1.1130218505859375, -374.1878356933594, 1854.3458251953125, 0.0, 0.0, -0.0, 0.0, 0.0, -0.0, 0.0, 0.0, -0.0, 0.0, 0.0, -0.0, -225.72669982910156, 27.271631240844727, 1568.359375, -52.03242492675781, 65.49468231201172, 1617.446533203125, 0.0, 0.0, -0.0, 0.0, 0.0, -0.0, 0.0, 0.0, -0.0, 0.0, 0.0, -0.0, -138.8795623779297, 46.383155822753906, 1592.9029541015625]
timestamp: 361
---
numberOfJoints: 16
joints2D: [298.0, 59.0, 283.0, 124.0, 282.0, 186.0, 237.0, 110.0, 331.0, 139.0, 0.0, 0.0, 0.0, 0.0, 0.0, 0.0, 0.0, 0.0, 250.0, 247.0, 309.0, 260.0, 0.0, 0.0, 0.0, 0.0, 0.0, 0.0, 0.0, 0.0, 280.0, 253.0]
joints3D: [-71.45191955566406, -584.9679565429688, 1721.4285888671875, -117.7794189453125, -374.46270751953125, 1725.009033203125, -118.90877532958984, -166.9698486328125, 1664.3314208984375, -255.70721435546875, -399.90191650390625, 1643.6591796875, 38.88362121582031, -347.20068359375, 1828.996826171875, 0.0, 0.0, -0.0, 0.0, 0.0, -0.0, 0.0, 0.0, -0.0, 0.0, 0.0, -0.0, -207.89498901367188, 21.548599243164062, 1582.8883056640625, -32.181304931640625, 59.497440338134766, 1624.41943359375, 0.0, 0.0, -0.0, 0.0, 0.0, -0.0, 0.0, 0.0, -0.0, 0.0, 0.0, -0.0, -120.03813171386719, 40.52302169799805, 1603.65380859375]
timestamp: 362
---
numberOfJoints: 16
joints2D: [298.0, 59.0, 287.0, 123.0, 286.0, 187.0, 239.0, 110.0, 334.0, 136.0, 0.0, 0.0, 0.0, 0.0, 0.0, 0.0, 0.0, 0.0, 254.0, 250.0, 314.0, 261.0, 0.0, 0.0, 0.0, 0.0, 0.0, 0.0, 0.0, 0.0, 284.0, 256.0]
joints3D: [-71.6279296875, -580.8377075195312, 1714.142822265625, -106.59176635742188, -377.78302001953125, 1723.094970703125, -107.0571517944336, -165.225830078125, 1664.184326171875, -248.36830139160156, -398.8542175292969, 1635.7103271484375, 48.38389587402344, -356.7464599609375, 1830.98388671875, 0.0, 0.0, -0.0, 0.0, 0.0, -0.0, 0.0, 0.0, -0.0, 0.0, 0.0, -0.0, -195.3951416015625, 30.393598556518555, 1582.877685546875, -19.649932861328125, 64.26915740966797, 1627.669677734375, 0.0, 0.0, -0.0, 0.0, 0.0, -0.0, 0.0, 0.0, -0.0, 0.0, 0.0, -0.0, -107.52253723144531, 47.33137512207031, 1605.273681640625]
timestamp: 363
---
numberOfJoints: 16
joints2D: [303.0, 57.0, 293.0, 121.0, 291.0, 186.0, 246.0, 107.0, 342.0, 136.0, 0.0, 0.0, 0.0, 0.0, 0.0, 0.0, 0.0, 0.0, 260.0, 250.0, 319.0, 260.0, 0.0, 0.0, 0.0, 0.0, 0.0, 0.0, 0.0, 0.0, 290.0, 255.0]
joints3D: [-53.493064880371094, -587.1216430664062, 1715.0, -85.77323150634766, -382.08782958984375, 1715.0089111328125, -88.73640441894531, -168.75271606445312, 1666.520263671875, -226.7506103515625, -407.0760192871094, 1634.8367919921875, 73.23091888427734, -355.63934326171875, 1815.5980224609375, 0.0, 0.0, -0.0, 0.0, 0.0, -0.0, 0.0, 0.0, -0.0, 0.0, 0.0, -0.0, -180.36959838867188, 29.187732696533203, 1597.76611328125, -3.0295639038085938, 59.97705841064453, 1638.29736328125, 0.0, 0.0, -0.0, 0.0, 0.0, -0.0, 0.0, 0.0, -0.0, 0.0, 0.0, -0.0, -91.6995849609375, 44.5823974609375, 1618.03173828125]
timestamp: 364
---
numberOfJoints: 16
joints2D: [304.0, 58.0, 296.0, 121.0, 296.0, 187.0, 245.0, 109.0, 347.0, 135.0, 0.0, 0.0, 0.0, 0.0, 0.0, 0.0, 0.0, 0.0, 265.0, 255.0, 326.0, 261.0, 0.0, 0.0, 0.0, 0.0, 0.0, 0.0, 0.0, 0.0, 296.0, 258.0]
joints3D: [-51.65108108520508, -584.3596801757812, 1710.0, -78.32875061035156, -385.70013427734375, 1735.671630859375, -75.23885345458984, -165.67556762695312, 1674.8626708984375, -233.94717407226562, -410.468505859375, 1668.09326171875, 92.935302734375, -362.3812255859375, 1833.0, 0.0, 0.0, -0.0, 0.0, 0.0, -0.0, 0.0, 0.0, -0.0, 0.0, 0.0, -0.0, -163.2262420654297, 44.22279739379883, 1603.449462890625, 18.92833709716797, 64.4752197265625, 1624.6578369140625, 0.0, 0.0, -0.0, 0.0, 0.0, -0.0, 0.0, 0.0, -0.0, 0.0, 0.0, -0.0, -72.14895629882812, 54.34900665283203, 1614.0537109375]
timestamp: 365
---
numberOfJoints: 16
joints2D: [309.0, 57.0, 302.0, 121.0, 303.0, 187.0, 250.0, 110.0, 354.0, 131.0, 229.0, 178.0, 0.0, 0.0, 206.0, 235.0, 0.0, 0.0, 273.0, 255.0, 334.0, 261.0, 0.0, 0.0, 0.0, 0.0, 0.0, 0.0, 0.0, 0.0, 304.0, 258.0]
joints3D: [-36.35803985595703, -585.6712646484375, 1709.0, -58.343772888183594, -389.1525573730469, 1740.6549072265625, -53.67359924316406, -167.34092712402344, 1679.02978515625, -217.93389892578125, -407.0121765136719, 1674.37890625, 114.31183624267578, -370.081298828125, 1817.6375732421875, -282.473388671875, -192.19921875, 1659.25244140625, 0.0, 0.0, -0.0, -336.707763671875, -14.841949462890625, 1584.405517578125, 0.0, 0.0, -0.0, -139.9208984375, 46.2375373840332, 1604.1270751953125, 41.91402816772461, 62.70387649536133, 1630.68212890625, 0.0, 0.0, -0.0, 0.0, 0.0, -0.0, 0.0, 0.0, -0.0, 0.0, 0.0, -0.0, -49.003421783447266, 54.470706939697266, 1617.404541015625]
timestamp: 366
---
numberOfJoints: 16
joints2D: [310.0, 59.0, 307.0, 121.0, 307.0, 187.0, 255.0, 109.0, 359.0, 132.0, 231.0, 177.0, 0.0, 0.0, 208.0, 235.0, 0.0, 0.0, 278.0, 257.0, 338.0, 261.0, 0.0, 0.0, 0.0, 0.0, 0.0, 0.0, 0.0, 0.0, 308.0, 259.0]
joints3D: [-33.33034133911133, -583.3302001953125, 1721.142822265625, -43.86208724975586, -392.1002197265625, 1750.9105224609375, -40.33204650878906, -166.70169067382812, 1689.455322265625, -204.59857177734375, -413.7773132324219, 1691.099609375, 131.51573181152344, -368.27886962890625, 1820.0130615234375, -276.8323059082031, -196.06631469726562, 1668.22998046875, 0.0, 0.0, -0.0, -335.7557373046875, -15.783645629882812, 1604.7772216796875, 0.0, 0.0, -0.0, -127.55262756347656, 51.88749694824219, 1612.899658203125, 53.94862365722656, 65.50617980957031, 1643.100341796875, 0.0, 0.0, -0.0, 0.0, 0.0, -0.0, 0.0, 0.0, -0.0, 0.0, 0.0, -0.0, -36.802001953125, 58.69683837890625, 1628.0]
timestamp: 367
---
numberOfJoints: 16
joints2D: [316.0, 58.0, 313.0, 122.0, 314.0, 187.0, 262.0, 113.0, 367.0, 132.0, 237.0, 179.0, 0.0, 0.0, 203.0, 233.0, 0.0, 0.0, 285.0, 255.0, 345.0, 258.0, 0.0, 0.0, 0.0, 0.0, 0.0, 0.0, 0.0, 0.0, 315.0, 257.0]
joints3D: [-12.288021087646484, -590.073974609375, 1733.0, -22.80364990234375, -390.7604064941406, 1768.932373046875, -18.530548095703125, -169.8773956298828, 1700.2161865234375, -187.33900451660156, -410.3608703613281, 1722.925048828125, 158.36129760742188, -369.329833984375, 1822.0360107421875, -259.309326171875, -191.78733825683594, 1680.9625244140625, 0.0, 0.0, -0.0, -359.59039306640625, -22.333251953125, 1645.8931884765625, 0.0, 0.0, -0.0, -105.54785919189453, 45.43941116333008, 1619.4525146484375, 77.03296661376953, 56.57181930541992, 1643.5474853515625, 0.0, 0.0, -0.0, 0.0, 0.0, -0.0, 0.0, 0.0, -0.0, 0.0, 0.0, -0.0, -14.2574462890625, 51.005615234375, 1631.5]
timestamp: 368
---
numberOfJoints: 16
joints2D: [317.0, 64.0, 315.0, 126.0, 316.0, 192.0, 263.0, 119.0, 371.0, 134.0, 247.0, 192.0, 0.0, 0.0, 221.0, 242.0, 0.0, 0.0, 286.0, 262.0, 347.0, 264.0, 0.0, 0.0, 0.0, 0.0, 0.0, 0.0, 0.0, 0.0, 317.0, 263.0]
joints3D: [-8.64547348022461, -569.7019653320312, 1731.2857666015625, -15.13922119140625, -376.5382995605469, 1768.67578125, -12.739288330078125, -153.57977294921875, 1700.087890625, -185.59619140625, -395.28265380859375, 1737.1051025390625, 171.30224609375, -359.2486877441406, 1812.2379150390625, -240.67962646484375, -158.80242919921875, 1764.02294921875, 0.0, 0.0, -0.0, -308.36505126953125, 7.086395263671875, 1673.0997314453125, 0.0, 0.0, -0.0, -102.34386444091797, 65.86336517333984, 1625.766357421875, 81.66515350341797, 72.8941421508789, 1637.233642578125, 0.0, 0.0, -0.0, 0.0, 0.0, -0.0, 0.0, 0.0, -0.0, 0.0, 0.0, -0.0, -10.33935546875, 69.37875366210938, 1631.5]
timestamp: 369
---
numberOfJoints: 16
joints2D: [322.0, 64.0, 321.0, 127.0, 322.0, 191.0, 271.0, 122.0, 378.0, 132.0, 248.0, 189.0, 0.0, 0.0, 230.0, 243.0, 0.0, 0.0, 292.0, 260.0, 352.0, 261.0, 0.0, 0.0, 0.0, 0.0, 0.0, 0.0, 0.0, 0.0, 322.0, 261.0]
joints3D: [7.138776779174805, -575.009521484375, 1745.7142333984375, 4.446868896484375, -378.5430603027344, 1783.5853271484375, 5.710845947265625, -157.18360900878906, 1713.292724609375, -163.40008544921875, -391.7778625488281, 1771.22802734375, 194.224365234375, -366.17059326171875, 1805.0391845703125, -239.134521484375, -170.04359436035156, 1786.857666015625, 0.0, 0.0, -0.0, -289.1968688964844, 10.675384521484375, 1717.3282470703125, 0.0, 0.0, -0.0, -85.21239471435547, 62.58234405517578, 1639.9932861328125, 99.16204071044922, 65.76934051513672, 1646.0067138671875, 0.0, 0.0, -0.0, 0.0, 0.0, -0.0, 0.0, 0.0, -0.0, 0.0, 0.0, -0.0, 6.974822998046875, 64.17584228515625, 1643.0]
timestamp: 370
---
numberOfJoints: 16
joints2D: [327.0, 65.0, 326.0, 126.0, 327.0, 190.0, 273.0, 124.0, 382.0, 129.0, 254.0, 191.0, 0.0, 0.0, 235.0, 245.0, 0.0, 0.0, 297.0, 259.0, 357.0, 260.0, 0.0, 0.0, 0.0, 0.0, 0.0, 0.0, 0.0, 0.0, 327.0, 260.0]
joints3D: [21.859359741210938, -576.0576171875, 1753.2857666015625, 20.226531982421875, -382.2573547363281, 1796.04345703125, 21.503952026367188, -160.8859100341797, 1723.521728515625, -158.511962890625, -387.33135986328125, 1787.5601806640625, 211.9825439453125, -379.4259033203125, 1823.0, -222.446533203125, -166.78192138671875, 1804.0, 0.0, 0.0, -0.0, -277.2817077636719, 16.979110717773438, 1747.224853515625, 0.0, 0.0, -0.0, -69.4146499633789, 59.4918098449707, 1648.00537109375, 114.9773941040039, 61.4792594909668, 1653.99462890625, 0.0, 0.0, -0.0, 0.0, 0.0, -0.0, 0.0, 0.0, -0.0, 0.0, 0.0, -0.0, 22.7813720703125, 60.48553466796875, 1651.0]
timestamp: 371
---
numberOfJoints: 16
joints2D: [331.0, 66.0, 331.0, 128.0, 331.0, 190.0, 280.0, 127.0, 387.0, 129.0, 0.0, 0.0, 0.0, 0.0, 0.0, 0.0, 0.0, 0.0, 302.0, 259.0, 361.0, 259.0, 0.0, 0.0, 0.0, 0.0, 0.0, 0.0, 0.0, 0.0, 332.0, 259.0]
joints3D: [34.99954605102539, -578.9750366210938, 1774.857177734375, 36.662391662597656, -381.3831787109375, 1815.02294921875, 36.41615676879883, -161.42056274414062, 1739.011474609375, -135.42889404296875, -385.6048278808594, 1822.9234619140625, 228.490478515625, -380.32073974609375, 1823.0, 0.0, 0.0, -0.0, 0.0, 0.0, -0.0, 0.0, 0.0, -0.0, 0.0, 0.0, -0.0, -55.87939453125, 59.52945327758789, 1669.0008544921875, 128.21923828125, 57.55465316772461, 1656.9991455078125, 0.0, 0.0, -0.0, 0.0, 0.0, -0.0, 0.0, 0.0, -0.0, 0.0, 0.0, -0.0, 36.169921875, 58.54205322265625, 1663.0]
timestamp: 372
---
numberOfJoints: 16
joints2D: [338.0, 67.0, 337.0, 130.0, 338.0, 192.0, 287.0, 131.0, 392.0, 129.0, 0.0, 0.0, 0.0, 0.0, 0.0, 0.0, 0.0, 0.0, 310.0, 258.0, 368.0, 259.0, 0.0, 0.0, 0.0, 0.0, 0.0, 0.0, 0.0, 0.0, 339.0, 258.0]
joints3D: [58.22516632080078, -577.3595581054688, 1776.4285888671875, 56.14655303955078, -370.3690185546875, 1795.320556640625, 57.96110916137695, -156.52149963378906, 1739.4102783203125, -113.8087158203125, -373.0982360839844, 1823.0, 244.67556762695312, -377.32171630859375, 1817.8701171875, 0.0, 0.0, -0.0, 0.0, 0.0, -0.0, 0.0, 0.0, -0.0, 0.0, 0.0, -0.0, -31.985000610351562, 55.96293258666992, 1692.890625, 151.5363311767578, 58.68910598754883, 1674.109375, 0.0, 0.0, -0.0, 0.0, 0.0, -0.0, 0.0, 0.0, -0.0, 0.0, 0.0, -0.0, 59.775665283203125, 57.326019287109375, 1683.5]
timestamp: 373
---
numberOfJoints: 16
joints2D: [339.0, 68.0, 339.0, 130.0, 340.0, 194.0, 283.0, 131.0, 395.0, 128.0, 0.0, 0.0, 0.0, 0.0, 0.0, 0.0, 0.0, 0.0, 312.0, 263.0, 370.0, 262.0, 0.0, 0.0, 0.0, 0.0, 0.0, 0.0, 0.0, 0.0, 341.0, 262.0]
joints3D: [62.670379638671875, -571.2363891601562, 1776.2857666015625, 64.79305267333984, -376.6096496582031, 1822.815185546875, 65.24037170410156, -152.96067810058594, 1755.4075927734375, -126.37158203125, -376.9898986816406, 1853.0, 255.6826171875, -382.2168273925781, 1821.80322265625, 0.0, 0.0, -0.0, 0.0, 0.0, -0.0, 0.0, 0.0, -0.0, 0.0, 0.0, -0.0, -26.359031677246094, 71.90390014648438, 1693.9989013671875, 157.73440551757812, 69.47268676757812, 1682.0010986328125, 0.0, 0.0, -0.0, 0.0, 0.0, -0.0, 0.0, 0.0, -0.0, 0.0, 0.0, -0.0, 65.68768310546875, 70.68829345703125, 1688.0]
timestamp: 374
---
numberOfJoints: 16
joints2D: [342.0, 69.0, 343.0, 131.0, 343.0, 193.0, 294.0, 133.0, 399.0, 129.0, 0.0, 0.0, 0.0, 0.0, 0.0, 0.0, 0.0, 0.0, 315.0, 262.0, 373.0, 260.0, 0.0, 0.0, 0.0, 0.0, 0.0, 0.0, 0.0, 0.0, 344.0, 261.0]
joints3D: [71.1362533569336, -567.285400390625, 1770.857177734375, 78.92142486572266, -376.41583251953125, 1841.28125, 77.69007873535156, -154.6850128173828, 1770.890625, -91.17969512939453, -375.4883728027344, 1866.124755859375, 268.270263671875, -379.5636291503906, 1823.0, 0.0, 0.0, -0.0, 0.0, 0.0, -0.0, 0.0, 0.0, -0.0, 0.0, 0.0, -0.0, -15.276054382324219, 69.66446685791016, 1709.8773193359375, 168.19354248046875, 64.4271469116211, 1691.1226806640625, 0.0, 0.0, -0.0, 0.0, 0.0, -0.0, 0.0, 0.0, -0.0, 0.0, 0.0, -0.0, 76.458740234375, 67.04580688476562, 1700.5]
timestamp: 375
---
numberOfJoints: 16
joints2D: [343.0, 73.0, 344.0, 133.0, 344.0, 198.0, 294.0, 136.0, 400.0, 130.0, 0.0, 0.0, 0.0, 0.0, 0.0, 0.0, 0.0, 0.0, 316.0, 268.0, 374.0, 267.0, 0.0, 0.0, 0.0, 0.0, 0.0, 0.0, 0.0, 0.0, 345.0, 267.0]
joints3D: [75.22516632080078, -559.0783081054688, 1784.2857666015625, 82.75677490234375, -368.306396484375, 1837.285400390625, 80.91128540039062, -140.58804321289062, 1768.8927001953125, -91.507080078125, -362.81829833984375, 1867.5885009765625, 271.145263671875, -374.4521484375, 1813.0, 0.0, 0.0, -0.0, 0.0, 0.0, -0.0, 0.0, 0.0, -0.0, 0.0, 0.0, -0.0, -12.655952453613281, 89.93477630615234, 1709.9508056640625, 170.78753662109375, 84.32584381103516, 1691.0491943359375, 0.0, 0.0, -0.0, 0.0, 0.0, -0.0, 0.0, 0.0, -0.0, 0.0, 0.0, -0.0, 79.0657958984375, 87.13031005859375, 1700.5]
timestamp: 376
---
numberOfJoints: 16
joints2D: [344.0, 70.0, 345.0, 131.0, 346.0, 194.0, 297.0, 135.0, 401.0, 126.0, 0.0, 0.0, 0.0, 0.0, 0.0, 0.0, 0.0, 0.0, 318.0, 262.0, 376.0, 260.0, 0.0, 0.0, 0.0, 0.0, 0.0, 0.0, 0.0, 0.0, 347.0, 261.0]
joints3D: [81.18824768066406, -572.4886474609375, 1800.142822265625, 87.7651596069336, -378.5848693847656, 1854.366455078125, 86.5787353515625, -155.31887817382812, 1783.9332275390625, -81.67803192138672, -369.4687194824219, 1880.4063720703125, 276.4075927734375, -390.39141845703125, 1833.0, 0.0, 0.0, -0.0, 0.0, 0.0, -0.0, 0.0, 0.0, -0.0, 0.0, 0.0, -0.0, -5.869911193847656, 71.17137908935547, 1726.5718994140625, 176.65451049804688, 64.72284698486328, 1700.4281005859375, 0.0, 0.0, -0.0, 0.0, 0.0, -0.0, 0.0, 0.0, -0.0, 0.0, 0.0, -0.0, 85.39230346679688, 67.94711303710938, 1713.5]
timestamp: 377
---
numberOfJoints: 16
joints2D: [344.0, 69.0, 346.0, 132.0, 346.0, 193.0, 298.0, 134.0, 401.0, 129.0, 0.0, 0.0, 0.0, 0.0, 0.0, 0.0, 0.0, 0.0, 318.0, 260.0, 376.0, 258.0, 0.0, 0.0, 0.0, 0.0, 0.0, 0.0, 0.0, 0.0, 347.0, 259.0]
joints3D: [80.53240203857422, -572.831298828125, 1789.142822265625, 89.54203796386719, -376.9395751953125, 1861.443115234375, 87.97452545166016, -157.82261657714844, 1789.7215576171875, -78.46220397949219, -373.1320495605469, 1886.6376953125, 277.521728515625, -379.93182373046875, 1833.9718017578125, 0.0, 0.0, -0.0, 0.0, 0.0, -0.0, 0.0, 0.0, -0.0, 0.0, 0.0, -0.0, -5.2860260009765625, 64.18595123291016, 1727.699951171875, 178.1000518798828, 58.40272903442383, 1708.300048828125, 0.0, 0.0, -0.0, 0.0, 0.0, -0.0, 0.0, 0.0, -0.0, 0.0, 0.0, -0.0, 86.40701293945312, 61.294342041015625, 1718.0]
timestamp: 378
---
numberOfJoints: 16
joints2D: [344.0, 72.0, 345.0, 134.0, 346.0, 195.0, 294.0, 137.0, 400.0, 129.0, 0.0, 0.0, 0.0, 0.0, 0.0, 0.0, 0.0, 0.0, 318.0, 263.0, 376.0, 262.0, 0.0, 0.0, 0.0, 0.0, 0.0, 0.0, 0.0, 0.0, 347.0, 262.0]
joints3D: [81.3476791381836, -566.2474975585938, 1797.2857666015625, 87.43362426757812, -371.31658935546875, 1860.62255859375, 86.75840759277344, -149.43887329101562, 1789.311279296875, -92.79296875, -364.6568603515625, 1894.0010986328125, 276.639404296875, -381.9703063964844, 1843.0, 0.0, 0.0, -0.0, 0.0, 0.0, -0.0, 0.0, 0.0, -0.0, 0.0, 0.0, -0.0, -5.616661071777344, 75.13763427734375, 1727.6910400390625, 177.78305053710938, 69.74005126953125, 1708.3089599609375, 0.0, 0.0, -0.0, 0.0, 0.0, -0.0, 0.0, 0.0, -0.0, 0.0, 0.0, -0.0, 86.08319091796875, 72.4388427734375, 1718.0]
timestamp: 379
---
numberOfJoints: 16
joints2D: [344.0, 76.0, 345.0, 136.0, 346.0, 199.0, 293.0, 140.0, 400.0, 132.0, 0.0, 0.0, 0.0, 0.0, 0.0, 0.0, 0.0, 0.0, 319.0, 267.0, 376.0, 266.0, 0.0, 0.0, 0.0, 0.0, 0.0, 0.0, 0.0, 0.0, 347.0, 266.0]
joints3D: [82.32220458984375, -552.9835205078125, 1799.857177734375, 87.84654998779297, -361.90899658203125, 1860.80810546875, 87.8419189453125, -138.5911865234375, 1789.154052734375, -95.88628387451172, -352.3753356933594, 1884.6639404296875, 276.9913330078125, -373.2320251464844, 1843.0, 0.0, 0.0, -0.0, 0.0, 0.0, -0.0, 0.0, 0.0, -0.0, 0.0, 0.0, -0.0, -4.318450927734375, 87.19418334960938, 1720.8607177734375, 179.99301147460938, 82.25906372070312, 1714.1392822265625, 0.0, 0.0, -0.0, 0.0, 0.0, -0.0, 0.0, 0.0, -0.0, 0.0, 0.0, -0.0, 87.8372802734375, 84.72662353515625, 1717.5]
timestamp: 380
---
numberOfJoints: 16
joints2D: [345.0, 77.0, 345.0, 138.0, 346.0, 200.0, 290.0, 141.0, 399.0, 134.0, 0.0, 0.0, 428.0, 213.0, 0.0, 0.0, 414.0, 262.0, 319.0, 268.0, 376.0, 267.0, 0.0, 0.0, 0.0, 0.0, 0.0, 0.0, 0.0, 0.0, 347.0, 267.0]
joints3D: [82.70210266113281, -549.7703247070312, 1802.7142333984375, 85.65277862548828, -357.4342346191406, 1864.7877197265625, 86.85783386230469, -134.5858612060547, 1793.393798828125, -104.34918212890625, -349.62066650390625, 1884.048583984375, 275.146240234375, -366.9509582519531, 1854.7044677734375, 0.0, 0.0, -0.0, 375.3433837890625, -92.99517822265625, 1864.24755859375, 0.0, 0.0, -0.0, 294.32965087890625, 68.73945617675781, 1675.3406982421875, -4.179237365722656, 89.46751403808594, 1722.0, 180.30502319335938, 87.05751037597656, 1722.0, 0.0, 0.0, -0.0, 0.0, 0.0, -0.0, 0.0, 0.0, -0.0, 0.0, 0.0, -0.0, 88.06289672851562, 88.26251220703125, 1722.0]
timestamp: 381
---
numberOfJoints: 16
joints2D: [345.0, 80.0, 344.0, 139.0, 346.0, 203.0, 290.0, 141.0, 399.0, 138.0, 268.0, 211.0, 432.0, 217.0, 255.0, 267.0, 416.0, 231.0, 318.0, 271.0, 376.0, 271.0, 0.0, 0.0, 0.0, 0.0, 0.0, 0.0, 0.0, 0.0, 347.0, 271.0]
joints3D: [84.04348754882812, -546.3124389648438, 1822.2857666015625, 85.474609375, -352.47857666015625, 1868.1971435546875, 86.32478332519531, -126.16438293457031, 1795.0986328125, -104.89813232421875, -348.9273986816406, 1883.1138916015625, 275.321533203125, -357.7784423828125, 1862.71728515625, -186.4287109375, -104.4307861328125, 1908.4112548828125, 379.66259765625, -79.1231689453125, 1816.96337890625, -210.58837890625, 86.90757751464844, 1731.99462890625, 297.2352600097656, -27.09674835205078, 1665.6392822265625, -5.073204040527344, 100.73262023925781, 1722.0, 179.42312622070312, 99.56700134277344, 1722.0, 0.0, 0.0, -0.0, 0.0, 0.0, -0.0, 0.0, 0.0, -0.0, 0.0, 0.0, -0.0, 87.17495727539062, 100.14981079101562, 1722.0]
timestamp: 382
---
numberOfJoints: 16
joints2D: [344.0, 81.0, 343.0, 140.0, 344.0, 201.0, 289.0, 141.0, 395.0, 139.0, 261.0, 205.0, 428.0, 216.0, 250.0, 261.0, 400.0, 198.0, 317.0, 268.0, 375.0, 268.0, 0.0, 0.0, 0.0, 0.0, 0.0, 0.0, 0.0, 0.0, 346.0, 268.0]
joints3D: [81.22297668457031, -549.0240478515625, 1837.7142333984375, 80.580078125, -353.7051086425781, 1879.690673828125, 82.2967529296875, -131.5515899658203, 1798.5953369140625, -109.7647705078125, -351.0909423828125, 1883.0, 264.16571044921875, -356.2690734863281, 1883.6492919921875, -206.8739013671875, -123.78851318359375, 1883.0, 366.9217529296875, -81.1302490234375, 1813.4892578125, -221.37875366210938, 65.62152099609375, 1698.8411865234375, 246.95376586914062, -131.031982421875, 1648.182373046875, -8.174034118652344, 90.25650787353516, 1714.1214599609375, 176.20089721679688, 90.94734954833984, 1720.8785400390625, 0.0, 0.0, -0.0, 0.0, 0.0, -0.0, 0.0, 0.0, -0.0, 0.0, 0.0, -0.0, 84.013427734375, 90.6019287109375, 1717.5]
timestamp: 383
---
numberOfJoints: 16
joints2D: [342.0, 83.0, 341.0, 141.0, 343.0, 201.0, 288.0, 142.0, 393.0, 141.0, 254.0, 206.0, 420.0, 198.0, 245.0, 252.0, 376.0, 179.0, 316.0, 267.0, 373.0, 267.0, 0.0, 0.0, 0.0, 0.0, 0.0, 0.0, 0.0, 0.0, 345.0, 267.0]
joints3D: [75.0378646850586, -541.0377197265625, 1834.857177734375, 74.40290832519531, -348.2323303222656, 1881.083740234375, 76.92456817626953, -130.1873016357422, 1801.5418701171875, -112.82789611816406, -347.391357421875, 1892.9521484375, 257.42578125, -349.759521484375, 1885.491943359375, -240.64077758789062, -123.01482391357422, 1947.35546875, 337.6533203125, -141.537841796875, 1814.133544921875, -244.812255859375, 40.744285583496094, 1742.361328125, 171.64930725097656, -186.99024963378906, 1629.849853515625, -12.557632446289062, 87.44142150878906, 1715.278564453125, 171.45008850097656, 88.27403259277344, 1728.721435546875, 0.0, 0.0, -0.0, 0.0, 0.0, -0.0, 0.0, 0.0, -0.0, 0.0, 0.0, -0.0, 79.44622802734375, 87.85772705078125, 1722.0]
timestamp: 384
---
numberOfJoints: 16
joints2D: [339.0, 83.0, 338.0, 142.0, 340.0, 202.0, 284.0, 141.0, 388.0, 142.0, 259.0, 214.0, 392.0, 192.0, 242.0, 239.0, 369.0, 144.0, 313.0, 267.0, 369.0, 267.0, 0.0, 0.0, 0.0, 0.0, 0.0, 0.0, 0.0, 0.0, 341.0, 267.0]
joints3D: [64.58827209472656, -545.1475219726562, 1850.4285888671875, 64.15291595458984, -348.8089599609375, 1890.798095703125, 66.56172180175781, -130.07247924804688, 1810.8990478515625, -125.80414581298828, -348.87164306640625, 1886.7598876953125, 241.12115478515625, -348.27734375, 1894.6005859375, -217.93084716796875, -91.32110595703125, 1898.205078125, 232.15574645996094, -157.05224609375, 1730.90087890625, -249.50494384765625, -3.1708221435546875, 1706.9346923828125, 150.62060546875, -299.0173034667969, 1656.0784912109375, -21.30669403076172, 87.46481323242188, 1712.06201171875, 159.24774169921875, 89.86318969726562, 1749.93798828125, 0.0, 0.0, -0.0, 0.0, 0.0, -0.0, 0.0, 0.0, -0.0, 0.0, 0.0, -0.0, 68.97052001953125, 88.66400146484375, 1731.0]
timestamp: 385
---
numberOfJoints: 16
joints2D: [337.0, 84.0, 336.0, 141.0, 338.0, 201.0, 282.0, 141.0, 381.0, 142.0, 245.0, 211.0, 396.0, 180.0, 247.0, 259.0, 366.0, 134.0, 311.0, 267.0, 366.0, 267.0, 0.0, 0.0, 0.0, 0.0, 0.0, 0.0, 0.0, 0.0, 339.0, 267.0]
joints3D: [57.273075103759766, -544.7229614257812, 1858.0, 57.421024322509766, -349.47491455078125, 1888.697265625, 59.33259582519531, -131.29595947265625, 1811.8486328125, -132.9273681640625, -352.94415283203125, 1894.0, 216.15249633789062, -345.7493591308594, 1888.60498046875, -260.51617431640625, -102.40948486328125, 1864.739501953125, 245.63209533691406, -194.45494079589844, 1727.685791015625, -222.83392333984375, 56.780059814453125, 1633.638916015625, 143.49545288085938, -335.0377502441406, 1680.7415771484375, -29.573455810546875, 86.17273712158203, 1718.822265625, 152.06179809570312, 87.59325408935547, 1751.177734375, 0.0, 0.0, -0.0, 0.0, 0.0, -0.0, 0.0, 0.0, -0.0, 0.0, 0.0, -0.0, 61.244171142578125, 86.88299560546875, 1735.0]
timestamp: 386
---
numberOfJoints: 16
joints2D: [328.0, 83.0, 328.0, 141.0, 328.0, 200.0, 274.0, 141.0, 370.0, 141.0, 241.0, 210.0, 395.0, 184.0, 249.0, 257.0, 364.0, 138.0, 301.0, 264.0, 357.0, 263.0, 0.0, 0.0, 0.0, 0.0, 0.0, 0.0, 0.0, 0.0, 329.0, 264.0]
joints3D: [25.92203712463379, -544.7886962890625, 1846.2857666015625, 27.221778869628906, -347.88287353515625, 1876.1109619140625, 28.216938018798828, -135.15692138671875, 1810.055419921875, -162.53326416015625, -350.657958984375, 1896.2093505859375, 173.7174072265625, -345.9127197265625, 1864.31298828125, -274.10791015625, -106.298828125, 1862.03076171875, 242.99034118652344, -181.30645751953125, 1731.0460205078125, -216.98785400390625, 53.2747802734375, 1626.4814453125, 143.20388793945312, -330.9083251953125, 1738.9249267578125, -62.524078369140625, 78.6295394897461, 1734.3349609375, 120.94827270507812, 76.5085220336914, 1753.6650390625, 0.0, 0.0, -0.0, 0.0, 0.0, -0.0, 0.0, 0.0, -0.0, 0.0, 0.0, -0.0, 29.21209716796875, 77.56903076171875, 1744.0]
timestamp: 387
---
numberOfJoints: 16
joints2D: [322.0, 82.0, 322.0, 141.0, 323.0, 201.0, 266.0, 142.0, 366.0, 139.0, 246.0, 209.0, 389.0, 183.0, 244.0, 250.0, 362.0, 136.0, 294.0, 266.0, 351.0, 265.0, 0.0, 0.0, 0.0, 0.0, 0.0, 0.0, 0.0, 0.0, 323.0, 265.0]
joints3D: [7.588029861450195, -546.1588745117188, 1844.8333740234375, 7.850700378417969, -347.42877197265625, 1865.496337890625, 8.414058685302734, -132.44752502441406, 1800.2481689453125, -190.4224395751953, -347.2134704589844, 1898.6219482421875, 159.897216796875, -355.3941955566406, 1867.9580078125, -255.01956176757812, -108.91703796386719, 1849.013916015625, 224.87918090820312, -185.28610229492188, 1739.526611328125, -231.83740234375, 30.573776245117188, 1642.02197265625, 135.60333251953125, -341.3591003417969, 1747.9488525390625, -83.21133422851562, 84.01848602294922, 1731.984619140625, 101.16616821289062, 81.04895782470703, 1738.015380859375, 0.0, 0.0, -0.0, 0.0, 0.0, -0.0, 0.0, 0.0, -0.0, 0.0, 0.0, -0.0, 8.9774169921875, 82.53372192382812, 1735.0]
timestamp: 388
---
numberOfJoints: 16
joints2D: [320.0, 85.0, 320.0, 142.0, 320.0, 203.0, 266.0, 144.0, 365.0, 140.0, 232.0, 207.0, 383.0, 183.0, 248.0, 255.0, 358.0, 134.0, 292.0, 269.0, 348.0, 268.0, 0.0, 0.0, 0.0, 0.0, 0.0, 0.0, 0.0, 0.0, 320.0, 268.0]
joints3D: [-1.3924837112426758, -543.1227416992188, 1864.0, -1.27374267578125, -343.36737060546875, 1865.300048828125, -0.800262451171875, -125.79888916015625, 1804.4000244140625, -190.80859375, -338.459716796875, 1886.9742431640625, 156.4368896484375, -351.929931640625, 1868.4017333984375, -307.3651123046875, -114.48991394042969, 1871.0106201171875, 203.176513671875, -184.89007568359375, 1739.0, -221.30596923828125, 46.75028991699219, 1640.3623046875, 125.47406005859375, -346.89404296875, 1749.78466796875, -92.50109100341797, 93.33541107177734, 1740.1077880859375, 91.84752655029297, 90.20377349853516, 1746.8922119140625, 0.0, 0.0, -0.0, 0.0, 0.0, -0.0, 0.0, 0.0, -0.0, 0.0, 0.0, -0.0, -0.3267822265625, 91.76959228515625, 1743.5]
timestamp: 389
---
numberOfJoints: 16
joints2D: [314.0, 80.0, 314.0, 138.0, 314.0, 197.0, 261.0, 140.0, 361.0, 137.0, 238.0, 214.0, 0.0, 0.0, 249.0, 261.0, 0.0, 0.0, 286.0, 261.0, 342.0, 260.0, 0.0, 0.0, 0.0, 0.0, 0.0, 0.0, 0.0, 0.0, 314.0, 260.0]
joints3D: [-19.53493881225586, -555.5291137695312, 1853.1666259765625, -19.421905517578125, -357.32928466796875, 1877.35595703125, -19.423629760742188, -145.69131469726562, 1812.677978515625, -210.1448974609375, -356.255615234375, 1906.19482421875, 142.3990478515625, -358.98065185546875, 1864.040283203125, -284.78985595703125, -89.58010864257812, 1855.717041015625, 0.0, 0.0, -0.0, -220.92648315429688, 64.67022705078125, 1662.2900390625, 0.0, 0.0, -0.0, -111.41929626464844, 67.1683120727539, 1741.240966796875, 72.56858825683594, 64.7249984741211, 1754.759033203125, 0.0, 0.0, -0.0, 0.0, 0.0, -0.0, 0.0, 0.0, -0.0, 0.0, 0.0, -0.0, -19.42535400390625, 65.9466552734375, 1748.0]
timestamp: 390
---
numberOfJoints: 16
joints2D: [314.0, 85.0, 314.0, 144.0, 314.0, 204.0, 261.0, 147.0, 364.0, 142.0, 236.0, 219.0, 0.0, 0.0, 251.0, 261.0, 0.0, 0.0, 286.0, 268.0, 342.0, 267.0, 0.0, 0.0, 0.0, 0.0, 0.0, 0.0, 0.0, 0.0, 314.0, 268.0]
joints3D: [-19.22774887084961, -533.266357421875, 1835.0, -19.53204345703125, -335.3056640625, 1863.4864501953125, -19.297698974609375, -122.58775329589844, 1805.7431640625, -209.63641357421875, -330.060546875, 1895.9881591796875, 151.2515869140625, -341.3423767089844, 1849.0166015625, -292.36114501953125, -74.20977783203125, 1856.0335693359375, 0.0, 0.0, -0.0, -214.92221069335938, 64.72396850585938, 1669.43212890625, 0.0, 0.0, -0.0, -111.05632019042969, 91.26638793945312, 1741.212890625, 72.92961120605469, 88.99392700195312, 1754.787109375, 0.0, 0.0, -0.0, 0.0, 0.0, -0.0, 0.0, 0.0, -0.0, 0.0, 0.0, -0.0, -19.0633544921875, 90.13015747070312, 1748.0]
timestamp: 391
---
numberOfJoints: 16
joints2D: [314.0, 84.0, 315.0, 143.0, 314.0, 204.0, 261.0, 146.0, 360.0, 140.0, 234.0, 216.0, 0.0, 0.0, 241.0, 259.0, 0.0, 0.0, 286.0, 270.0, 342.0, 269.0, 0.0, 0.0, 0.0, 0.0, 0.0, 0.0, 0.0, 0.0, 314.0, 270.0]
joints3D: [-19.384960174560547, -539.8847045898438, 1848.3333740234375, -19.102027893066406, -341.0484924316406, 1866.3392333984375, -18.590335845947266, -121.96748352050781, 1805.169677734375, -208.2030029296875, -334.762451171875, 1904.2960205078125, 137.9833984375, -349.0638122558594, 1855.613525390625, -295.700927734375, -82.8197021484375, 1851.6810302734375, 0.0, 0.0, -0.0, -251.8686981201172, 60.1109619140625, 1714.99365234375, 0.0, 0.0, -0.0, -109.78768920898438, 98.99727630615234, 1734.2037353515625, 73.63040161132812, 95.22977447509766, 1753.7962646484375, 0.0, 0.0, -0.0, 0.0, 0.0, -0.0, 0.0, 0.0, -0.0, 0.0, 0.0, -0.0, -18.078643798828125, 97.113525390625, 1744.0]
timestamp: 392
---
numberOfJoints: 16
joints2D: [311.0, 84.0, 311.0, 142.0, 311.0, 201.0, 259.0, 146.0, 357.0, 139.0, 0.0, 0.0, 0.0, 0.0, 0.0, 0.0, 0.0, 0.0, 282.0, 265.0, 339.0, 264.0, 0.0, 0.0, 0.0, 0.0, 0.0, 0.0, 0.0, 0.0, 311.0, 265.0]
joints3D: [-30.13397789001465, -544.5813598632812, 1856.8333740234375, -30.566314697265625, -346.3623046875, 1883.460693359375, -30.21759033203125, -133.11508178710938, 1811.4803466796875, -218.57472229003906, -336.3834228515625, 1909.0196533203125, 128.42782592773438, -353.6441650390625, 1862.5147705078125, 0.0, 0.0, -0.0, 0.0, 0.0, -0.0, 0.0, 0.0, -0.0, 0.0, 0.0, -0.0, -121.8682632446289, 82.08637237548828, 1732.991943359375, 62.130531311035156, 78.17790985107422, 1746.008056640625, 0.0, 0.0, -0.0, 0.0, 0.0, -0.0, 0.0, 0.0, -0.0, 0.0, 0.0, -0.0, -29.868865966796875, 80.13214111328125, 1739.5]
timestamp: 393
---
numberOfJoints: 16
joints2D: [310.0, 83.0, 310.0, 142.0, 310.0, 198.0, 257.0, 146.0, 354.0, 138.0, 0.0, 0.0, 0.0, 0.0, 0.0, 0.0, 0.0, 0.0, 281.0, 260.0, 337.0, 258.0, 0.0, 0.0, 0.0, 0.0, 0.0, 0.0, 0.0, 0.0, 309.0, 259.0]
joints3D: [-34.03654861450195, -540.2452392578125, 1831.5, -35.006500244140625, -347.18292236328125, 1883.711181640625, -35.31007385253906, -142.58828735351562, 1813.6055908203125, -223.10108947753906, -336.9024353027344, 1908.5050048828125, 118.15927124023438, -356.8178405761719, 1863.89453125, 0.0, 0.0, -0.0, 0.0, 0.0, -0.0, 0.0, 0.0, -0.0, 0.0, 0.0, -0.0, -127.78308868408203, 63.773468017578125, 1740.074462890625, 56.55579376220703, 60.239227294921875, 1746.925537109375, 0.0, 0.0, -0.0, 0.0, 0.0, -0.0, 0.0, 0.0, -0.0, 0.0, 0.0, -0.0, -35.6136474609375, 62.00634765625, 1743.5]
timestamp: 394
---
numberOfJoints: 16
joints2D: [308.0, 84.0, 308.0, 143.0, 308.0, 202.0, 255.0, 147.0, 356.0, 140.0, 0.0, 0.0, 0.0, 0.0, 0.0, 0.0, 0.0, 0.0, 279.0, 266.0, 335.0, 265.0, 0.0, 0.0, 0.0, 0.0, 0.0, 0.0, 0.0, 0.0, 307.0, 266.0]
joints3D: [-40.67313003540039, -534.257080078125, 1830.3333740234375, -41.63557434082031, -339.011962890625, 1873.6741943359375, -41.837623596191406, -127.61051940917969, 1804.337158203125, -231.381591796875, -331.81439208984375, 1912.541259765625, 124.0616455078125, -347.8929748535156, 1851.9366455078125, 0.0, 0.0, -0.0, 0.0, 0.0, -0.0, 0.0, 0.0, -0.0, 0.0, 0.0, -0.0, -134.22601318359375, 85.32791137695312, 1731.9375, 50.14666748046875, 82.25393676757812, 1738.0625, 0.0, 0.0, -0.0, 0.0, 0.0, -0.0, 0.0, 0.0, -0.0, 0.0, 0.0, -0.0, -42.0396728515625, 83.79092407226562, 1735.0]
timestamp: 395
---
numberOfJoints: 16
joints2D: [308.0, 80.0, 308.0, 140.0, 308.0, 198.0, 256.0, 145.0, 354.0, 135.0, 0.0, 0.0, 0.0, 0.0, 0.0, 0.0, 0.0, 0.0, 278.0, 260.0, 335.0, 259.0, 0.0, 0.0, 0.0, 0.0, 0.0, 0.0, 0.0, 0.0, 307.0, 260.0]
joints3D: [-40.343292236328125, -543.5189208984375, 1815.0, -41.649383544921875, -352.321533203125, 1873.6673583984375, -42.11763000488281, -143.69442749023438, 1806.333740234375, -228.80328369140625, -340.591552734375, 1904.2591552734375, 117.7596435546875, -366.1597595214844, 1860.8975830078125, 0.0, 0.0, -0.0, 0.0, 0.0, -0.0, 0.0, 0.0, -0.0, 0.0, 0.0, -0.0, -134.81753540039062, 66.7715835571289, 1739.0, 49.645790100097656, 63.093772888183594, 1739.0, 0.0, 0.0, -0.0, 0.0, 0.0, -0.0, 0.0, 0.0, -0.0, 0.0, 0.0, -0.0, -42.58587646484375, 64.93267822265625, 1739.0]
timestamp: 396
---
numberOfJoints: 16
joints2D: [308.0, 82.0, 308.0, 141.0, 308.0, 199.0, 255.0, 145.0, 356.0, 138.0, 0.0, 0.0, 0.0, 0.0, 0.0, 0.0, 0.0, 0.0, 279.0, 263.0, 335.0, 262.0, 0.0, 0.0, 0.0, 0.0, 0.0, 0.0, 0.0, 0.0, 307.0, 262.0]
joints3D: [-40.1792106628418, -536.5195922851562, 1807.6666259765625, -41.63853454589844, -347.62481689453125, 1873.3677978515625, -41.819618225097656, -137.4123077392578, 1806.433837890625, -229.7081298828125, -338.0401611328125, 1898.6253662109375, 124.6824951171875, -356.95904541015625, 1861.5323486328125, 0.0, 0.0, -0.0, 0.0, 0.0, -0.0, 0.0, 0.0, -0.0, 0.0, 0.0, -0.0, -134.01751708984375, 73.756103515625, 1733.014892578125, 50.01611328125, 71.84429931640625, 1745.985107421875, 0.0, 0.0, -0.0, 0.0, 0.0, -0.0, 0.0, 0.0, -0.0, 0.0, 0.0, -0.0, -42.000701904296875, 72.80020141601562, 1739.5]
timestamp: 397
---
numberOfJoints: 16
joints2D: [308.0, 77.0, 308.0, 136.0, 308.0, 194.0, 255.0, 140.0, 356.0, 133.0, 238.0, 222.0, 0.0, 0.0, 214.0, 293.0, 0.0, 0.0, 279.0, 256.0, 335.0, 255.0, 0.0, 0.0, 0.0, 0.0, 0.0, 0.0, 0.0, 0.0, 307.0, 256.0]
joints3D: [-40.2545166015625, -553.589111328125, 1808.5, -41.883888244628906, -367.30157470703125, 1883.0570068359375, -42.2477912902832, -157.9337615966797, 1813.278564453125, -230.55364990234375, -358.2229309082031, 1903.582763671875, 125.8128662109375, -377.15008544921875, 1874.8948974609375, -287.20916748046875, -64.8291015625, 1880.8209228515625, 0.0, 0.0, -0.0, -346.96710205078125, 173.91629028320312, 1749.80029296875, 0.0, 0.0, -0.0, -134.7930908203125, 52.42622375488281, 1740.0843505859375, 49.56970977783203, 50.44187927246094, 1746.9156494140625, 0.0, 0.0, -0.0, 0.0, 0.0, -0.0, 0.0, 0.0, -0.0, 0.0, 0.0, -0.0, -42.6116943359375, 51.434051513671875, 1743.5]
timestamp: 398
---
numberOfJoints: 16
joints2D: [308.0, 75.0, 308.0, 135.0, 308.0, 192.0, 256.0, 139.0, 355.0, 132.0, 232.0, 220.0, 354.0, 180.0, 213.0, 292.0, 338.0, 118.0, 279.0, 254.0, 335.0, 253.0, 0.0, 0.0, 0.0, 0.0, 0.0, 0.0, 0.0, 0.0, 307.0, 254.0]
joints3D: [-40.180423736572266, -557.504150390625, 1803.1666259765625, -40.55363464355469, -369.8252868652344, 1883.7569580078125, -41.11998748779297, -162.6224822998047, 1813.62841796875, -229.2349853515625, -359.32281494140625, 1903.4818115234375, 122.44775390625, -380.66943359375, 1876.189453125, -309.7403564453125, -70.61273193359375, 1878.532470703125, 114.73086547851562, -201.27291870117188, 1786.653564453125, -352.25933837890625, 170.2833251953125, 1756.8165283203125, 59.891395568847656, -397.3911437988281, 1736.379638671875, -133.86717224121094, 45.62987518310547, 1740.086181640625, 50.49449157714844, 43.53076934814453, 1746.913818359375, 0.0, 0.0, -0.0, 0.0, 0.0, -0.0, 0.0, 0.0, -0.0, 0.0, 0.0, -0.0, -41.68634033203125, 44.580322265625, 1743.5]
timestamp: 399
---
numberOfJoints: 16
joints2D: [308.0, 77.0, 309.0, 137.0, 308.0, 197.0, 256.0, 140.0, 354.0, 135.0, 231.0, 219.0, 354.0, 177.0, 210.0, 291.0, 345.0, 128.0, 279.0, 263.0, 336.0, 262.0, 0.0, 0.0, 0.0, 0.0, 0.0, 0.0, 0.0, 0.0, 308.0, 262.0]
joints3D: [-40.38581848144531, -553.6634521484375, 1812.5, -39.57006072998047, -361.13299560546875, 1868.3026123046875, -39.95634078979492, -144.30621337890625, 1803.9013671875, -228.92486572265625, -357.9579162597656, 1900.5111083984375, 117.802978515625, -368.4759216308594, 1863.78857421875, -312.885498046875, -72.8701171875, 1878.7008056640625, 113.24309539794922, -209.99925231933594, 1780.0115966796875, -362.30987548828125, 168.6000213623047, 1756.73828125, 79.5710220336914, -352.84771728515625, 1675.8089599609375, -132.35743713378906, 73.88921356201172, 1733.0609130859375, 51.67219543457031, 71.15192413330078, 1745.9390869140625, 0.0, 0.0, -0.0, 0.0, 0.0, -0.0, 0.0, 0.0, -0.0, 0.0, 0.0, -0.0, -40.342620849609375, 72.52056884765625, 1739.5]
timestamp: 400
---
numberOfJoints: 16
joints2D: [308.0, 77.0, 308.0, 136.0, 308.0, 196.0, 255.0, 140.0, 356.0, 134.0, 230.0, 222.0, 373.0, 196.0, 209.0, 292.0, 356.0, 146.0, 279.0, 260.0, 335.0, 259.0, 0.0, 0.0, 0.0, 0.0, 0.0, 0.0, 0.0, 0.0, 307.0, 260.0]
joints3D: [-40.60055160522461, -557.045166015625, 1822.1666259765625, -41.70146942138672, -363.90618896484375, 1874.2091064453125, -41.770381927490234, -149.7652587890625, 1806.8544921875, -230.62017822265625, -356.4197082519531, 1894.711181640625, 125.842529296875, -374.53802490234375, 1877.860595703125, -314.7746276855469, -64.80414581298828, 1880.2041015625, 171.03614807128906, -144.55226135253906, 1736.7825927734375, -362.744873046875, 170.99240112304688, 1750.0343017578125, 110.4373779296875, -292.2985534667969, 1653.7296142578125, -133.85791015625, 65.55876922607422, 1733.0784912109375, 50.17932891845703, 63.19257354736328, 1745.9215087890625, 0.0, 0.0, -0.0, 0.0, 0.0, -0.0, 0.0, 0.0, -0.0, 0.0, 0.0, -0.0, -41.83929443359375, 64.37567138671875, 1739.5]
timestamp: 401
---
numberOfJoints: 16
joints2D: [305.0, 75.0, 305.0, 138.0, 304.0, 194.0, 251.0, 138.0, 358.0, 139.0, 229.0, 220.0, 377.0, 227.0, 209.0, 292.0, 372.0, 180.0, 274.0, 256.0, 331.0, 257.0, 0.0, 0.0, 0.0, 0.0, 0.0, 0.0, 0.0, 0.0, 303.0, 256.0]
joints3D: [-50.972198486328125, -561.6876831054688, 1819.142822265625, -54.50107192993164, -364.8741455078125, 1912.1611328125, -55.102325439453125, -156.1510467529297, 1823.58056640625, -243.9499969482422, -363.85430908203125, 1897.73681640625, 134.94789123535156, -365.8939514160156, 1926.5853271484375, -320.044921875, -70.6627197265625, 1878.591064453125, 186.16943359375, -42.3927001953125, 1761.4735107421875, -362.07659912109375, 170.70077514648438, 1741.5333251953125, 159.25811767578125, -185.02133178710938, 1655.027099609375, -147.89382934570312, 51.15567398071289, 1738.0020751953125, 36.486671447753906, 53.98843002319336, 1731.9979248046875, 0.0, 0.0, -0.0, 0.0, 0.0, -0.0, 0.0, 0.0, -0.0, 0.0, 0.0, -0.0, -55.703582763671875, 52.572052001953125, 1735.0]
timestamp: 402
---
numberOfJoints: 16
joints2D: [305.0, 76.0, 306.0, 138.0, 305.0, 194.0, 253.0, 136.0, 358.0, 140.0, 234.0, 217.0, 0.0, 0.0, 210.0, 291.0, 0.0, 0.0, 275.0, 256.0, 332.0, 256.0, 0.0, 0.0, 0.0, 0.0, 0.0, 0.0, 0.0, 0.0, 304.0, 256.0]
joints3D: [-51.20850372314453, -560.4984130859375, 1822.0, -50.30628967285156, -365.45684814453125, 1913.659912109375, -51.77269744873047, -157.4928741455078, 1822.3299560546875, -240.0996856689453, -373.1736755371094, 1918.0091552734375, 136.1328125, -358.9751281738281, 1909.391845703125, -302.73065185546875, -79.0959701538086, 1875.351318359375, 0.0, 0.0, -0.0, -355.2967529296875, 164.05514526367188, 1725.6217041015625, 0.0, 0.0, -0.0, -145.48907470703125, 50.54214096069336, 1731.0, 39.0108642578125, 50.40005874633789, 1731.0, 0.0, 0.0, -0.0, 0.0, 0.0, -0.0, 0.0, 0.0, -0.0, 0.0, 0.0, -0.0, -53.239105224609375, 50.471099853515625, 1731.0]
timestamp: 403
---
numberOfJoints: 16
joints2D: [303.0, 81.0, 303.0, 140.0, 302.0, 198.0, 249.0, 140.0, 357.0, 140.0, 231.0, 225.0, 378.0, 214.0, 211.0, 288.0, 383.0, 247.0, 273.0, 260.0, 330.0, 261.0, 0.0, 0.0, 0.0, 0.0, 0.0, 0.0, 0.0, 0.0, 301.0, 260.0]
joints3D: [-57.65020751953125, -542.7057495117188, 1819.4285888671875, -58.54222106933594, -353.59869384765625, 1891.06787109375, -59.699562072753906, -143.87779235839844, 1811.033935546875, -248.54217529296875, -351.947021484375, 1883.0, 131.3553466796875, -356.1600341796875, 1904.0, -311.9126281738281, -52.940643310546875, 1882.70263671875, 201.6893310546875, -89.3182373046875, 1853.3426513671875, -353.0816650390625, 156.97885131835938, 1728.394775390625, 194.07373046875, 19.98906707763672, 1639.3922119140625, -153.10150146484375, 64.84520721435547, 1731.0, 31.38770294189453, 66.84101104736328, 1731.0, 0.0, 0.0, -0.0, 0.0, 0.0, -0.0, 0.0, 0.0, -0.0, 0.0, 0.0, -0.0, -60.856903076171875, 65.84310913085938, 1731.0]
timestamp: 404
---
numberOfJoints: 16
joints2D: [302.0, 75.0, 303.0, 139.0, 302.0, 194.0, 250.0, 139.0, 356.0, 139.0, 235.0, 220.0, 367.0, 211.0, 211.0, 287.0, 388.0, 272.0, 272.0, 256.0, 329.0, 256.0, 0.0, 0.0, 0.0, 0.0, 0.0, 0.0, 0.0, 0.0, 301.0, 256.0]
joints3D: [-60.069637298583984, -566.8760375976562, 1834.7142333984375, -60.43737030029297, -362.0878601074219, 1908.85693359375, -61.50361251831055, -155.16262817382812, 1817.678466796875, -250.43572998046875, -362.6422424316406, 1908.29931640625, 129.56100463867188, -361.5334777832031, 1909.41455078125, -297.8587646484375, -70.25146484375, 1870.5579833984375, 164.005126953125, -102.3218994140625, 1851.0538330078125, -349.59014892578125, 152.1875762939453, 1718.1951904296875, 218.4291534423828, 103.95246887207031, 1719.494140625, -154.758056640625, 51.68960952758789, 1729.8751220703125, 29.61835479736328, 51.83559799194336, 1723.1248779296875, 0.0, 0.0, -0.0, 0.0, 0.0, -0.0, 0.0, 0.0, -0.0, 0.0, 0.0, -0.0, -62.569854736328125, 51.762603759765625, 1726.5]
timestamp: 405
---
numberOfJoints: 16
joints2D: [302.0, 74.0, 303.0, 139.0, 301.0, 196.0, 249.0, 138.0, 356.0, 140.0, 229.0, 219.0, 373.0, 221.0, 212.0, 288.0, 392.0, 283.0, 272.0, 258.0, 329.0, 259.0, 0.0, 0.0, 0.0, 0.0, 0.0, 0.0, 0.0, 0.0, 300.0, 259.0]
joints3D: [-60.14669418334961, -567.1500244140625, 1827.857177734375, -61.683128356933594, -359.36053466796875, 1896.071533203125, -63.09029769897461, -149.6947021484375, 1809.0357666015625, -251.5677490234375, -363.2503356933594, 1890.7144775390625, 128.20150756835938, -355.4707946777344, 1901.4285888671875, -317.17718505859375, -74.8975830078125, 1867.7955322265625, 183.3980712890625, -65.03485107421875, 1857.7318115234375, -346.3293151855469, 154.0592803955078, 1717.7958984375, 236.58560180664062, 141.93821716308594, 1756.65625, -156.498779296875, 59.35865020751953, 1728.7413330078125, 27.50384521484375, 60.58361053466797, 1715.2586669921875, 0.0, 0.0, -0.0, 0.0, 0.0, -0.0, 0.0, 0.0, -0.0, 0.0, 0.0, -0.0, -64.49746704101562, 59.97113037109375, 1722.0]
timestamp: 406
---
numberOfJoints: 16
joints2D: [302.0, 73.0, 303.0, 137.0, 302.0, 195.0, 249.0, 135.0, 357.0, 140.0, 232.0, 221.0, 371.0, 220.0, 214.0, 288.0, 393.0, 283.0, 272.0, 259.0, 329.0, 259.0, 0.0, 0.0, 0.0, 0.0, 0.0, 0.0, 0.0, 0.0, 300.0, 259.0]
joints3D: [-59.89450454711914, -570.6015625, 1823.5714111328125, -59.0855712890625, -362.5074462890625, 1885.650390625, -61.314178466796875, -150.86282348632812, 1797.3251953125, -248.8916473388672, -370.5200500488281, 1888.724853515625, 130.24160766601562, -354.2926025390625, 1882.5721435546875, -307.8060302734375, -66.72052001953125, 1868.8243408203125, 175.8072509765625, -70.4228515625, 1842.1884765625, -337.4306945800781, 154.9189910888672, 1711.0657958984375, 247.9553680419922, 147.63461303710938, 1826.967529296875, -155.27273559570312, 60.95968246459961, 1718.7799072265625, 28.187171936035156, 60.60391616821289, 1699.2200927734375, 0.0, 0.0, -0.0, 0.0, 0.0, -0.0, 0.0, 0.0, -0.0, 0.0, 0.0, -0.0, -63.54278564453125, 60.78179931640625, 1709.0]
timestamp: 407
---
numberOfJoints: 16
joints2D: [302.0, 75.0, 303.0, 136.0, 301.0, 196.0, 248.0, 136.0, 357.0, 137.0, 229.0, 217.0, 371.0, 219.0, 215.0, 288.0, 393.0, 282.0, 271.0, 262.0, 328.0, 262.0, 0.0, 0.0, 0.0, 0.0, 0.0, 0.0, 0.0, 0.0, 300.0, 262.0]
joints3D: [-60.72488784790039, -563.173828125, 1816.4285888671875, -60.46935272216797, -363.1930847167969, 1871.74267578125, -62.81382369995117, -147.01434326171875, 1788.371337890625, -252.0579833984375, -367.9231262207031, 1883.0, 130.10791015625, -363.83544921875, 1883.0, -313.11602783203125, -78.02484130859375, 1845.2911376953125, 176.5440216064453, -74.62301635742188, 1864.6971435546875, -336.0880126953125, 154.4603729248047, 1708.2376708984375, 251.99545288085938, 144.73878479003906, 1847.4488525390625, -156.52667236328125, 69.24878692626953, 1717.722900390625, 26.21009063720703, 69.08000946044922, 1692.277099609375, 0.0, 0.0, -0.0, 0.0, 0.0, -0.0, 0.0, 0.0, -0.0, 0.0, 0.0, -0.0, -65.15829467773438, 69.16439819335938, 1705.0]
timestamp: 408
---
numberOfJoints: 16
joints2D: [302.0, 70.0, 303.0, 135.0, 301.0, 194.0, 248.0, 134.0, 357.0, 136.0, 229.0, 220.0, 373.0, 219.0, 218.0, 297.0, 396.0, 281.0, 271.0, 258.0, 328.0, 259.0, 0.0, 0.0, 0.0, 0.0, 0.0, 0.0, 0.0, 0.0, 299.0, 259.0]
joints3D: [-59.841392517089844, -572.7352905273438, 1792.142822265625, -60.25651550292969, -367.7742004394531, 1868.6248779296875, -62.79331588745117, -154.40159606933594, 1781.815185546875, -250.19033813476562, -372.7006530761719, 1867.692626953125, 129.9161376953125, -363.51593017578125, 1873.0, -310.656494140625, -68.199462890625, 1834.7176513671875, 185.62869262695312, -74.88916015625, 1870.1964111328125, -323.42083740234375, 180.31741333007812, 1691.0054931640625, 263.8243408203125, 144.83169555664062, 1864.47216796875, -156.59378051757812, 58.8350715637207, 1708.45849609375, 25.933547973632812, 59.1069450378418, 1681.55224609375, 0.0, 0.0, -0.0, 0.0, 0.0, -0.0, 0.0, 0.0, -0.0, 0.0, 0.0, -0.0, -65.33011627197266, 58.97100830078125, 1695.00537109375]
timestamp: 409
---
numberOfJoints: 16
joints2D: [302.0, 70.0, 303.0, 135.0, 301.0, 192.0, 248.0, 134.0, 357.0, 135.0, 234.0, 218.0, 373.0, 217.0, 217.0, 290.0, 397.0, 277.0, 271.0, 254.0, 329.0, 255.0, 0.0, 0.0, 0.0, 0.0, 0.0, 0.0, 0.0, 0.0, 300.0, 254.0]
joints3D: [-59.987030029296875, -572.5394287109375, 1796.142822265625, -60.10432434082031, -367.27032470703125, 1859.2093505859375, -61.94971466064453, -160.66122436523438, 1777.854736328125, -250.08612060546875, -369.8901062011719, 1858.9732666015625, 130.05215454101562, -364.683837890625, 1859.4454345703125, -296.16021728515625, -75.19451904296875, 1840.039794921875, 184.05496215820312, -81.25607299804688, 1862.9984130859375, -324.2552185058594, 160.1009979248047, 1692.17919921875, 265.3545227050781, 129.4175262451172, 1855.097900390625, -155.2188720703125, 45.98428726196289, 1708.81884765625, 27.62866973876953, 45.91146469116211, 1684.18115234375, 0.0, 0.0, -0.0, 0.0, 0.0, -0.0, 0.0, 0.0, -0.0, 0.0, 0.0, -0.0, -63.79510498046875, 45.9478759765625, 1696.5]
timestamp: 410
---
numberOfJoints: 16
joints2D: [302.0, 68.0, 303.0, 133.0, 301.0, 193.0, 248.0, 132.0, 358.0, 134.0, 232.0, 221.0, 376.0, 217.0, 218.0, 292.0, 401.0, 281.0, 271.0, 258.0, 329.0, 258.0, 0.0, 0.0, 0.0, 0.0, 0.0, 0.0, 0.0, 0.0, 300.0, 258.0]
joints3D: [-59.443939208984375, -575.581787109375, 1781.2857666015625, -58.66203308105469, -368.0645751953125, 1838.1103515625, -61.232872009277344, -156.002197265625, 1758.36572265625, -248.55606079101562, -373.22119140625, 1841.80712890625, 130.6752471923828, -362.785400390625, 1834.4136962890625, -297.2821044921875, -64.09161376953125, 1818.6593017578125, 193.24356079101562, -78.96400451660156, 1852.8460693359375, -319.50323486328125, 165.45420837402344, 1683.25537109375, 277.059326171875, 140.06454467773438, 1837.0357666015625, -155.1268310546875, 56.31914138793945, 1691.66259765625, 27.51941680908203, 55.80118942260742, 1665.57958984375, 0.0, 0.0, -0.0, 0.0, 0.0, -0.0, 0.0, 0.0, -0.0, 0.0, 0.0, -0.0, -63.8037109375, 56.06016540527344, 1678.62109375]
timestamp: 411
---
numberOfJoints: 16
joints2D: [302.0, 60.0, 302.0, 132.0, 301.0, 190.0, 245.0, 133.0, 358.0, 132.0, 234.0, 219.0, 377.0, 214.0, 219.0, 292.0, 401.0, 281.0, 271.0, 251.0, 329.0, 251.0, 0.0, 0.0, 0.0, 0.0, 0.0, 0.0, 0.0, 0.0, 300.0, 251.0]
joints3D: [-59.04655838012695, -598.1161499023438, 1773.2857666015625, -60.32398223876953, -360.1808166503906, 1784.2862548828125, -62.0888557434082, -162.33363342285156, 1729.89306640625, -252.3607177734375, -364.7590026855469, 1813.0, 130.2011260986328, -366.5876770019531, 1813.0, -292.0113525390625, -70.3233413696289, 1811.541259765625, 193.96121215820312, -88.2191162109375, 1835.77978515625, -317.60540771484375, 164.00924682617188, 1682.2396240234375, 276.50872802734375, 141.22207641601562, 1833.5489501953125, -154.84393310546875, 35.69068145751953, 1690.692626953125, 27.136474609375, 35.33641815185547, 1660.307373046875, 0.0, 0.0, -0.0, 0.0, 0.0, -0.0, 0.0, 0.0, -0.0, 0.0, 0.0, -0.0, -63.853729248046875, 35.5135498046875, 1675.5]
timestamp: 412
---
numberOfJoints: 16
joints2D: [302.0, 62.0, 303.0, 129.0, 301.0, 192.0, 250.0, 130.0, 360.0, 128.0, 234.0, 219.0, 382.0, 214.0, 218.0, 293.0, 408.0, 281.0, 271.0, 261.0, 329.0, 261.0, 0.0, 0.0, 0.0, 0.0, 0.0, 0.0, 0.0, 0.0, 300.0, 261.0]
joints3D: [-57.814918518066406, -580.546142578125, 1735.2857666015625, -56.73815155029297, -374.8094787597656, 1800.2265625, -59.746315002441406, -155.50314331054688, 1723.40185546875, -237.08055114746094, -372.18365478515625, 1802.7730712890625, 133.23928833007812, -376.00946044921875, 1797.5565185546875, -286.68695068359375, -70.52655029296875, 1779.59033203125, 208.297607421875, -86.7938232421875, 1793.0, -314.7872314453125, 164.83700561523438, 1651.0684814453125, 292.24188232421875, 137.5686492919922, 1779.400634765625, -153.2220916748047, 64.34683227539062, 1664.6153564453125, 27.713130950927734, 63.259586334228516, 1628.5389404296875, 0.0, 0.0, -0.0, 0.0, 0.0, -0.0, 0.0, 0.0, -0.0, 0.0, 0.0, -0.0, -62.75448226928711, 63.80320739746094, 1646.5771484375]
timestamp: 413
---
numberOfJoints: 16
joints2D: [302.0, 61.0, 302.0, 128.0, 301.0, 192.0, 250.0, 131.0, 359.0, 125.0, 236.0, 216.0, 389.0, 211.0, 219.0, 287.0, 411.0, 284.0, 271.0, 260.0, 329.0, 261.0, 0.0, 0.0, 0.0, 0.0, 0.0, 0.0, 0.0, 0.0, 299.0, 260.0]
joints3D: [-57.442718505859375, -579.7313232421875, 1725.0, -59.57762908935547, -366.72918701171875, 1751.097900390625, -61.521759033203125, -152.64141845703125, 1690.3843994140625, -231.2562255859375, -359.65277099609375, 1766.0, 128.81893920898438, -380.83135986328125, 1771.2933349609375, -277.902587890625, -79.7017822265625, 1765.9041748046875, 225.6956787109375, -95.11474609375, 1755.669921875, -308.4634094238281, 144.09327697753906, 1629.658203125, 290.46533203125, 141.1481170654297, 1714.8592529296875, -152.57427978515625, 60.83139419555664, 1653.532470703125, 25.642513275146484, 62.06129455566406, 1605.809326171875, 0.0, 0.0, -0.0, 0.0, 0.0, -0.0, 0.0, 0.0, -0.0, 0.0, 0.0, -0.0, -63.465885162353516, 61.44634246826172, 1629.6708984375]
timestamp: 414
---
numberOfJoints: 16
joints2D: [305.0, 59.0, 305.0, 127.0, 303.0, 190.0, 254.0, 129.0, 363.0, 126.0, 236.0, 219.0, 392.0, 209.0, 220.0, 293.0, 410.0, 281.0, 273.0, 258.0, 332.0, 259.0, 0.0, 0.0, 0.0, 0.0, 0.0, 0.0, 0.0, 0.0, 302.0, 258.0]
joints3D: [-48.03702163696289, -579.5718383789062, 1706.2857666015625, -49.74690246582031, -366.52069091796875, 1736.946533203125, -51.72825622558594, -155.8507080078125, 1672.9425048828125, -216.63983154296875, -366.3823547363281, 1756.4705810546875, 139.2626953125, -376.13372802734375, 1753.7677001953125, -276.1754150390625, -67.9869384765625, 1755.97314453125, 233.36865234375, -101.05523681640625, 1737.8316650390625, -299.9347229003906, 159.07870483398438, 1601.4197998046875, 281.77587890625, 128.01597595214844, 1677.8826904296875, -143.35516357421875, 54.16571807861328, 1630.6942138671875, 35.93594741821289, 55.47285461425781, 1587.1827392578125, 0.0, 0.0, -0.0, 0.0, 0.0, -0.0, 0.0, 0.0, -0.0, 0.0, 0.0, -0.0, -53.7096061706543, 54.81928634643555, 1608.9384765625]
timestamp: 415
---
numberOfJoints: 16
joints2D: [307.0, 59.0, 306.0, 125.0, 305.0, 190.0, 253.0, 127.0, 364.0, 123.0, 239.0, 212.0, 393.0, 209.0, 220.0, 285.0, 411.0, 284.0, 275.0, 260.0, 335.0, 262.0, 0.0, 0.0, 0.0, 0.0, 0.0, 0.0, 0.0, 0.0, 304.0, 261.0]
joints3D: [-41.10593032836914, -576.46728515625, 1697.857177734375, -43.691436767578125, -370.77734375, 1720.0906982421875, -44.87053680419922, -154.05194091796875, 1652.662841796875, -217.27496337890625, -366.7702331542969, 1739.0, 144.55191040039062, -383.6753845214844, 1742.4085693359375, -262.343505859375, -91.37493896484375, 1738.6531982421875, 235.472412109375, -101.43359375, 1720.531494140625, -299.0189514160156, 135.54104614257812, 1599.692626953125, 278.36639404296875, 136.89599609375, 1642.4195556640625, -135.57455444335938, 61.751068115234375, 1607.4722900390625, 43.47527313232422, 63.59588623046875, 1562.9974365234375, 0.0, 0.0, -0.0, 0.0, 0.0, -0.0, 0.0, 0.0, -0.0, 0.0, 0.0, -0.0, -46.04963684082031, 62.67347717285156, 1585.23486328125]
timestamp: 416
---
numberOfJoints: 16
joints2D: [312.0, 54.0, 312.0, 122.0, 311.0, 187.0, 258.0, 125.0, 372.0, 120.0, 245.0, 211.0, 399.0, 206.0, 222.0, 282.0, 412.0, 281.0, 280.0, 257.0, 341.0, 257.0, 0.0, 0.0, 0.0, 0.0, 0.0, 0.0, 0.0, 0.0, 310.0, 257.0]
joints3D: [-24.590742111206055, -583.7401733398438, 1672.0, -25.20282745361328, -371.340087890625, 1683.029296875, -27.119152069091797, -160.86410522460938, 1615.756103515625, -198.59112548828125, -372.7138977050781, 1722.0, 164.4097900390625, -381.6539001464844, 1696.0, -242.731689453125, -93.5111083984375, 1732.69384765625, 247.18402099609375, -105.743408203125, 1678.4512939453125, -289.91973876953125, 123.85092163085938, 1579.6700439453125, 269.4283752441406, 119.393310546875, 1563.231689453125, -117.33186340332031, 49.5810661315918, 1575.2000732421875, 59.26091003417969, 49.64271926879883, 1521.7657470703125, 0.0, 0.0, -0.0, 0.0, 0.0, -0.0, 0.0, 0.0, -0.0, 0.0, 0.0, -0.0, -29.035476684570312, 49.61189270019531, 1548.48291015625]
timestamp: 417
---
numberOfJoints: 16
joints2D: [315.0, 53.0, 318.0, 119.0, 316.0, 187.0, 262.0, 121.0, 379.0, 116.0, 245.0, 207.0, 400.0, 205.0, 222.0, 277.0, 409.0, 274.0, 283.0, 263.0, 345.0, 262.0, 0.0, 0.0, 0.0, 0.0, 0.0, 0.0, 0.0, 0.0, 314.0, 263.0]
joints3D: [-16.025863647460938, -567.5885009765625, 1618.0, -7.0896453857421875, -378.76483154296875, 1665.591796875, -12.642509460449219, -157.2244110107422, 1594.2958984375, -185.51040649414062, -380.306396484375, 1699.697998046875, 180.59173583984375, -379.9788513183594, 1639.0, -243.0316162109375, -106.07000732421875, 1726.8033447265625, 242.2100830078125, -106.7545166015625, 1622.5771484375, -286.2630920410156, 109.37530517578125, 1566.573486328125, 247.56771850585938, 94.83833312988281, 1490.8212890625, -106.97667694091797, 68.12492370605469, 1547.767578125, 70.58592987060547, 60.50709533691406, 1498.232421875, 0.0, 0.0, -0.0, 0.0, 0.0, -0.0, 0.0, 0.0, -0.0, 0.0, 0.0, -0.0, -18.19537353515625, 64.31600952148438, 1523.0]
timestamp: 418
---
numberOfJoints: 16
joints2D: [316.0, 56.0, 318.0, 122.0, 316.0, 194.0, 258.0, 127.0, 380.0, 118.0, 247.0, 209.0, 402.0, 210.0, 224.0, 274.0, 408.0, 270.0, 284.0, 272.0, 347.0, 271.0, 0.0, 0.0, 0.0, 0.0, 0.0, 0.0, 0.0, 0.0, 315.0, 272.0]
joints3D: [-12.923662185668945, -552.8280029296875, 1603.7142333984375, -7.301513671875, -359.794677734375, 1633.33056640625, -10.647720336914062, -134.82049560546875, 1578.165283203125, -194.85577392578125, -355.8895263671875, 1681.025390625, 179.496337890625, -367.0314025878906, 1601.0, -233.32757568359375, -98.88983154296875, 1713.5316162109375, 244.42071533203125, -88.9053955078125, 1592.741943359375, -283.1533203125, 100.00901794433594, 1572.65087890625, 238.4957275390625, 80.4305419921875, 1453.153076171875, -103.97400665283203, 93.73589324951172, 1543.0203857421875, 75.98615264892578, 86.57147979736328, 1502.9796142578125, 0.0, 0.0, -0.0, 0.0, 0.0, -0.0, 0.0, 0.0, -0.0, 0.0, 0.0, -0.0, -13.993927001953125, 90.1536865234375, 1523.0]
timestamp: 419
---
numberOfJoints: 16
joints2D: [316.0, 56.0, 319.0, 123.0, 317.0, 198.0, 260.0, 129.0, 382.0, 117.0, 244.0, 207.0, 405.0, 204.0, 222.0, 271.0, 404.0, 263.0, 284.0, 279.0, 348.0, 277.0, 0.0, 0.0, 0.0, 0.0, 0.0, 0.0, 0.0, 0.0, 316.0, 278.0]
joints3D: [-12.013959884643555, -542.4942016601562, 1568.6666259765625, -3.7403564453125, -348.82958984375, 1594.2330322265625, -7.6345672607421875, -121.03514099121094, 1543.866455078125, -186.905517578125, -346.2137756347656, 1663.0, 178.40460205078125, -355.1873779296875, 1543.0, -239.83221435546875, -105.12811279296875, 1694.07763671875, 244.998046875, -103.022216796875, 1542.476806640625, -286.2364501953125, 92.74540710449219, 1570.753662109375, 218.75877380371094, 59.91722106933594, 1389.75146484375, -100.90428924560547, 111.0884780883789, 1515.9351806640625, 77.84673309326172, 102.43013763427734, 1471.0648193359375, 0.0, 0.0, -0.0, 0.0, 0.0, -0.0, 0.0, 0.0, -0.0, 0.0, 0.0, -0.0, -11.528778076171875, 106.75930786132812, 1493.5]
timestamp: 420
---
numberOfJoints: 16
joints2D: [316.0, 55.0, 320.0, 123.0, 318.0, 199.0, 261.0, 132.0, 383.0, 114.0, 242.0, 194.0, 406.0, 199.0, 228.0, 252.0, 402.0, 259.0, 284.0, 282.0, 350.0, 280.0, 0.0, 0.0, 0.0, 0.0, 0.0, 0.0, 0.0, 0.0, 317.0, 281.0]
joints3D: [-10.892424583435059, -537.9328002929688, 1549.5, -0.576629638671875, -345.7574462890625, 1578.9793701171875, -5.066497802734375, -116.30390930175781, 1524.73974609375, -179.9812469482422, -333.5220642089844, 1640.3330078125, 179.46112060546875, -359.26055908203125, 1523.0, -245.4595947265625, -145.114501953125, 1683.941650390625, 243.9210205078125, -117.05377197265625, 1514.1802978515625, -276.3727111816406, 35.39781188964844, 1603.57470703125, 209.60800170898438, 47.31642150878906, 1362.252197265625, -99.53546905517578, 117.38935852050781, 1490.3958740234375, 80.42273712158203, 108.90989685058594, 1450.6041259765625, 0.0, 0.0, -0.0, 0.0, 0.0, -0.0, 0.0, 0.0, -0.0, 0.0, 0.0, -0.0, -9.556365966796875, 113.14962768554688, 1470.5]
timestamp: 421
---
numberOfJoints: 16
joints2D: [308.0, 58.0, 315.0, 127.0, 314.0, 204.0, 258.0, 136.0, 378.0, 117.0, 242.0, 215.0, 404.0, 194.0, 228.0, 281.0, 398.0, 246.0, 280.0, 289.0, 347.0, 285.0, 0.0, 0.0, 0.0, 0.0, 0.0, 0.0, 0.0, 0.0, 313.0, 287.0]
joints3D: [-33.218353271484375, -523.3187866210938, 1532.5, -13.273223876953125, -328.19866943359375, 1548.453125, -16.174026489257812, -101.13198852539062, 1493.9765625, -186.81723022460938, -317.8312072753906, 1625.1016845703125, 160.27084350585938, -338.566162109375, 1471.8046875, -250.0863037109375, -79.17584228515625, 1709.72607421875, 230.303466796875, -127.40777587890625, 1468.3856201171875, -271.9068908691406, 122.27836608886719, 1584.9720458984375, 192.72608947753906, 14.818801879882812, 1324.893798828125, -108.8879623413086, 133.2318572998047, 1459.2589111328125, 70.7383041381836, 118.63752746582031, 1419.7410888671875, 0.0, 0.0, -0.0, 0.0, 0.0, -0.0, 0.0, 0.0, -0.0, 0.0, 0.0, -0.0, -19.0748291015625, 125.9346923828125, 1439.5]
timestamp: 422
---
numberOfJoints: 16
joints2D: [309.0, 61.0, 310.0, 130.0, 310.0, 206.0, 253.0, 142.0, 373.0, 116.0, 238.0, 216.0, 405.0, 187.0, 220.0, 276.0, 397.0, 245.0, 276.0, 290.0, 343.0, 286.0, 0.0, 0.0, 0.0, 0.0, 0.0, 0.0, 0.0, 0.0, 309.0, 288.0]
joints3D: [-32.32000732421875, -516.9551391601562, 1537.3333740234375, -28.77301025390625, -316.986572265625, 1537.333251953125, -28.524524688720703, -95.03117370605469, 1478.4071044921875, -202.71499633789062, -294.5530090332031, 1610.414794921875, 145.16897583007812, -339.4201354980469, 1464.251708984375, -258.875, -76.1585693359375, 1691.5257568359375, 227.123046875, -142.3385009765625, 1432.996826171875, -299.5738525390625, 106.30523681640625, 1597.0421142578125, 186.3302764892578, 11.912353515625, 1294.350341796875, -117.55784606933594, 134.06356811523438, 1441.568359375, 61.00578308105469, 119.78485870361328, 1397.3936767578125, 0.0, 0.0, -0.0, 0.0, 0.0, -0.0, 0.0, 0.0, -0.0, 0.0, 0.0, -0.0, -28.276039123535156, 126.9242172241211, 1419.48095703125]
timestamp: 423
---
numberOfJoints: 16
joints2D: [302.0, 60.0, 304.0, 131.0, 303.0, 209.0, 246.0, 143.0, 369.0, 118.0, 234.0, 217.0, 396.0, 184.0, 216.0, 277.0, 392.0, 244.0, 268.0, 293.0, 337.0, 290.0, 0.0, 0.0, 0.0, 0.0, 0.0, 0.0, 0.0, 0.0, 302.0, 292.0]
joints3D: [-50.23924255371094, -503.2729187011719, 1488.5999755859375, -44.646400451660156, -303.49017333984375, 1489.10009765625, -45.419227600097656, -83.91165924072266, 1441.44482421875, -216.46456909179688, -285.07904052734375, 1567.38037109375, 129.0849609375, -322.4385681152344, 1414.545654296875, -275.06884765625, -74.08111572265625, 1710.8902587890625, 195.7730712890625, -145.23468017578125, 1381.2354736328125, -314.3514099121094, 113.1029052734375, 1618.411865234375, 168.4528045654297, 10.266128540039062, 1252.0072021484375, -136.21173095703125, 141.45982360839844, 1413.1016845703125, 43.827613830566406, 129.87388610839844, 1374.4771728515625, 0.0, 0.0, -0.0, 0.0, 0.0, -0.0, 0.0, 0.0, -0.0, 0.0, 0.0, -0.0, -46.192054748535156, 135.66685485839844, 1393.7894287109375]
timestamp: 424
---
numberOfJoints: 16
joints2D: [295.0, 60.0, 300.0, 133.0, 299.0, 213.0, 242.0, 144.0, 368.0, 118.0, 230.0, 215.0, 397.0, 186.0, 213.0, 274.0, 390.0, 251.0, 264.0, 300.0, 333.0, 297.0, 0.0, 0.0, 0.0, 0.0, 0.0, 0.0, 0.0, 0.0, 298.0, 298.0]
joints3D: [-67.780029296875, -495.4256591796875, 1470.5999755859375, -55.67725372314453, -296.07568359375, 1471.65234375, -56.612125396728516, -72.71158599853516, 1423.8843994140625, -226.40728759765625, -279.4725646972656, 1553.6666259765625, 125.32283782958984, -318.4133605957031, 1394.1038818359375, -287.47509765625, -79.62664794921875, 1717.293701171875, 196.42599487304688, -138.44387817382812, 1363.158935546875, -326.9651184082031, 105.47966003417969, 1632.372314453125, 159.8933868408203, 25.959014892578125, 1223.3275146484375, -146.873046875, 157.29733276367188, 1398.1793212890625, 31.77904510498047, 144.0076904296875, 1354.0535888671875, 0.0, 0.0, -0.0, 0.0, 0.0, -0.0, 0.0, 0.0, -0.0, 0.0, 0.0, -0.0, -57.5469970703125, 150.6525115966797, 1376.116455078125]
timestamp: 425
---
numberOfJoints: 16
joints2D: [284.0, 73.0, 287.0, 146.0, 285.0, 228.0, 233.0, 158.0, 352.0, 132.0, 218.0, 224.0, 383.0, 188.0, 218.0, 283.0, 382.0, 252.0, 249.0, 318.0, 319.0, 315.0, 0.0, 0.0, 0.0, 0.0, 0.0, 0.0, 0.0, 0.0, 283.0, 317.0]
joints3D: [-98.87176513671875, -454.4864501953125, 1452.0, -89.70037841796875, -254.6968536376953, 1451.999755859375, -90.53349304199219, -31.681373596191406, 1393.025634765625, -247.90528869628906, -235.10916137695312, 1526.989990234375, 82.52595520019531, -278.1829833984375, 1375.2762451171875, -323.0625915527344, -51.807861328125, 1703.6068115234375, 153.52447509765625, -128.556640625, 1313.2686767578125, -307.55328369140625, 129.71360778808594, 1621.07421875, 137.74000549316406, 25.951858520507812, 1190.2490234375, -180.63204956054688, 198.56227111816406, 1356.176025390625, -2.1011810302734375, 184.10594177246094, 1311.9267578125, 0.0, 0.0, -0.0, 0.0, 0.0, -0.0, 0.0, 0.0, -0.0, 0.0, 0.0, -0.0, -91.36661529541016, 191.3341064453125, 1334.0513916015625]
timestamp: 426
---
numberOfJoints: 16
joints2D: [283.0, 55.0, 283.0, 128.0, 281.0, 207.0, 225.0, 142.0, 348.0, 112.0, 218.0, 196.0, 377.0, 181.0, 257.0, 249.0, 379.0, 251.0, 244.0, 295.0, 314.0, 290.0, 0.0, 0.0, 0.0, 0.0, 0.0, 0.0, 0.0, 0.0, 278.0, 293.0]
joints3D: [-100.65377807617188, -505.36761474609375, 1453.6666259765625, -100.65396118164062, -305.36761474609375, 1453.6663818359375, -102.33128356933594, -87.19319152832031, 1391.658935546875, -272.16351318359375, -280.423095703125, 1531.5267333984375, 70.8555908203125, -330.3121337890625, 1375.8060302734375, -311.8406982421875, -133.6153564453125, 1632.0, 135.99072265625, -142.75994873046875, 1285.0123291015625, -194.0423583984375, 27.93798828125, 1636.9549560546875, 128.7519073486328, 25.237960815429688, 1174.0457763671875, -193.11666870117188, 138.31222534179688, 1352.368896484375, -14.900527954101562, 123.65025329589844, 1306.9344482421875, 0.0, 0.0, -0.0, 0.0, 0.0, -0.0, 0.0, 0.0, -0.0, 0.0, 0.0, -0.0, -104.00861358642578, 130.98123168945312, 1329.651611328125]
timestamp: 427
---
numberOfJoints: 16
joints2D: [278.0, 100.0, 278.0, 177.0, 276.0, 265.0, 218.0, 188.0, 347.0, 165.0, 0.0, 0.0, 360.0, 204.0, 0.0, 0.0, 359.0, 277.0, 236.0, 358.0, 311.0, 360.0, 0.0, 0.0, 0.0, 0.0, 0.0, 0.0, 0.0, 0.0, 273.0, 359.0]
joints3D: [-106.96411895751953, -362.8120422363281, 1380.0, -106.96429443359375, -162.81204223632812, 1379.999755859375, -110.14030456542969, 61.64849853515625, 1331.4998779296875, -278.46185302734375, -141.90594482421875, 1459.0665283203125, 65.23663330078125, -185.72088623046875, 1315.11474609375, 0.0, 0.0, -0.0, 91.1978759765625, -80.92562866210938, 1206.82763671875, 0.0, 0.0, -0.0, 82.60658264160156, 78.47775268554688, 1123.6739501953125, -204.16212463378906, 287.88189697265625, 1298.93603515625, -22.470504760742188, 284.336181640625, 1267.06396484375, 0.0, 0.0, -0.0, 0.0, 0.0, -0.0, 0.0, 0.0, -0.0, 0.0, 0.0, -0.0, -113.31631469726562, 286.1090393066406, 1283.0]
timestamp: 428
---
numberOfJoints: 16
joints2D: [278.0, 84.0, 261.0, 162.0, 258.0, 255.0, 198.0, 173.0, 332.0, 150.0, 0.0, 0.0, 339.0, 207.0, 0.0, 0.0, 340.0, 276.0, 215.0, 350.0, 294.0, 357.0, 0.0, 0.0, 0.0, 0.0, 0.0, 0.0, 0.0, 0.0, 254.0, 353.0]
joints3D: [-103.45101928710938, -388.4807434082031, 1326.0, -145.89517211914062, -193.03639221191406, 1325.999755859375, -149.53387451171875, 35.85796356201172, 1285.9779052734375, -319.93206787109375, -174.76327514648438, 1400.0084228515625, 29.4658203125, -221.2520751953125, 1310.900146484375, 0.0, 0.0, -0.0, 42.59423828125, -75.449951171875, 1214.9500732421875, 0.0, 0.0, -0.0, 41.100948333740234, 75.31256103515625, 1116.6212158203125, -245.04559326171875, 257.56707763671875, 1250.173095703125, -61.299560546875, 271.93756103515625, 1241.7388916015625, 0.0, 0.0, -0.0, 0.0, 0.0, -0.0, 0.0, 0.0, -0.0, 0.0, 0.0, -0.0, -153.17257690429688, 264.7523193359375, 1245.9560546875]
timestamp: 429
---
numberOfJoints: 16
joints2D: [279.0, 80.0, 252.0, 155.0, 248.0, 245.0, 184.0, 164.0, 325.0, 144.0, 0.0, 0.0, 330.0, 197.0, 0.0, 0.0, 329.0, 273.0, 205.0, 339.0, 285.0, 347.0, 0.0, 0.0, 0.0, 0.0, 0.0, 0.0, 0.0, 0.0, 245.0, 343.0]
joints3D: [-102.30905151367188, -402.7829895019531, 1343.0, -170.95993041992188, -214.9344940185547, 1342.999755859375, -171.86691284179688, 11.410469055175781, 1286.2403564453125, -353.72186279296875, -198.25836181640625, 1392.193115234375, 11.801986694335938, -231.61062622070312, 1293.806396484375, 0.0, 0.0, -0.0, 21.92645263671875, -95.72964477539062, 1190.031982421875, 0.0, 0.0, -0.0, 19.135986328125, 69.36148071289062, 1118.3607177734375, -264.5098571777344, 228.24813842773438, 1227.434814453125, -81.03793334960938, 247.26272583007812, 1231.5269775390625, 0.0, 0.0, -0.0, 0.0, 0.0, -0.0, 0.0, 0.0, -0.0, 0.0, 0.0, -0.0, -172.77389526367188, 237.75543212890625, 1229.48095703125]
timestamp: 430
---
numberOfJoints: 16
joints2D: [279.0, 80.0, 250.0, 157.0, 245.0, 247.0, 181.0, 166.0, 326.0, 147.0, 0.0, 0.0, 317.0, 204.0, 0.0, 0.0, 317.0, 280.0, 201.0, 346.0, 279.0, 354.0, 0.0, 0.0, 0.0, 0.0, 0.0, 0.0, 0.0, 0.0, 239.0, 350.0]
joints3D: [-99.53425598144531, -390.42877197265625, 1303.75, -169.77096557617188, -203.16744995117188, 1303.749755859375, -171.94737243652344, 16.628990173339844, 1227.0748291015625, -352.5287780761719, -187.001708984375, 1353.12841796875, 13.1046142578125, -221.32174682617188, 1265.74365234375, 0.0, 0.0, -0.0, -7.177848815917969, -81.04644775390625, 1185.6646728515625, 0.0, 0.0, -0.0, -6.300815105438232, 83.44744873046875, 1112.5780029296875, -261.565673828125, 233.37579345703125, 1179.634765625, -86.6818618774414, 239.47506713867188, 1121.1650390625, 0.0, 0.0, -0.0, 0.0, 0.0, -0.0, 0.0, 0.0, -0.0, 0.0, 0.0, -0.0, -174.123779296875, 236.42543029785156, 1150.39990234375]
timestamp: 431
---
numberOfJoints: 16
joints2D: [273.0, 86.0, 254.0, 168.0, 246.0, 261.0, 179.0, 174.0, 318.0, 162.0, 0.0, 0.0, 300.0, 207.0, 0.0, 0.0, 290.0, 287.0, 196.0, 363.0, 280.0, 372.0, 0.0, 0.0, 0.0, 0.0, 0.0, 0.0, 0.0, 0.0, 237.0, 368.0]
joints3D: [-110.51081848144531, -364.7108154296875, 1267.5, -158.555908203125, -173.79818725585938, 1284.220458984375, -166.19088745117188, 48.10455322265625, 1205.6102294921875, -346.1029357910156, -161.32867431640625, 1311.98046875, -4.05084228515625, -183.92884826660156, 1262.2867431640625, 0.0, 0.0, -0.0, -42.911163330078125, -72.2373046875, 1166.1171875, 0.0, 0.0, -0.0, -63.26967239379883, 98.02708435058594, 1111.3724365234375, -264.48681640625, 264.5400695800781, 1143.1483154296875, -83.16492462158203, 275.4745178222656, 1110.8516845703125, 0.0, 0.0, -0.0, 0.0, 0.0, -0.0, 0.0, 0.0, -0.0, 0.0, 0.0, -0.0, -173.82586669921875, 270.0072937011719, 1127.0]
timestamp: 432
---
numberOfJoints: 16
joints2D: [262.0, 91.0, 242.0, 173.0, 234.0, 270.0, 165.0, 175.0, 294.0, 172.0, 0.0, 0.0, 285.0, 229.0, 0.0, 0.0, 259.0, 308.0, 185.0, 373.0, 268.0, 382.0, 0.0, 0.0, 0.0, 0.0, 0.0, 0.0, 0.0, 0.0, 226.0, 377.0]
joints3D: [-136.38082885742188, -350.8064880371094, 1254.0, -183.4652099609375, -156.42784118652344, 1254.0, -191.94891357421875, 68.34790802001953, 1196.5, -371.0302734375, -155.75234985351562, 1284.313720703125, -60.653324127197266, -157.06463623046875, 1237.6253662109375, 0.0, 0.0, -0.0, -77.0909194946289, -23.574920654296875, 1167.893310546875, 0.0, 0.0, -0.0, -131.48611450195312, 147.44134521484375, 1153.949951171875, -291.08807373046875, 286.94989013671875, 1154.9228515625, -109.77716827392578, 299.29742431640625, 1123.0771484375, 0.0, 0.0, -0.0, 0.0, 0.0, -0.0, 0.0, 0.0, -0.0, 0.0, 0.0, -0.0, -200.4326171875, 293.1236572265625, 1139.0]
timestamp: 433
---
numberOfJoints: 16
joints2D: [254.0, 93.0, 230.0, 175.0, 223.0, 275.0, 153.0, 175.0, 284.0, 175.0, 0.0, 0.0, 273.0, 234.0, 0.0, 0.0, 242.0, 311.0, 175.0, 375.0, 255.0, 387.0, 0.0, 0.0, 0.0, 0.0, 0.0, 0.0, 0.0, 0.0, 215.0, 381.0]
joints3D: [-153.83685302734375, -344.0911865234375, 1247.75, -209.40817260742188, -151.96669006347656, 1247.75, -220.0895233154297, 79.05376434326172, 1210.23876953125, -397.13421630859375, -155.92990112304688, 1276.788330078125, -82.6063003540039, -149.7021942138672, 1228.8499755859375, 0.0, 0.0, -0.0, -102.90696716308594, -12.889068603515625, 1167.025146484375, 0.0, 0.0, -0.0, -169.04515075683594, 154.5133514404297, 1165.52685546875, -321.36236572265625, 301.1330261230469, 1187.670654296875, -140.17938232421875, 319.0154113769531, 1157.7841796875, 0.0, 0.0, -0.0, 0.0, 0.0, -0.0, 0.0, 0.0, -0.0, 0.0, 0.0, -0.0, -230.7708740234375, 310.07421875, 1172.7274169921875]
timestamp: 434
---
numberOfJoints: 16
joints2D: [234.0, 105.0, 203.0, 187.0, 195.0, 289.0, 124.0, 189.0, 264.0, 184.0, 0.0, 0.0, 247.0, 253.0, 0.0, 0.0, 214.0, 324.0, 133.0, 394.0, 243.0, 410.0, 0.0, 0.0, 0.0, 0.0, 0.0, 0.0, 0.0, 0.0, 187.0, 402.0]
joints3D: [-196.34478759765625, -308.88909912109375, 1216.75, -266.5694580078125, -121.62326049804688, 1216.75, -270.5410461425781, 107.12075805664062, 1161.331787109375, -454.6200256347656, -118.35882568359375, 1243.7005615234375, -130.26869201660156, -130.93209838867188, 1251.7960205078125, 0.0, 0.0, -0.0, -157.39419555664062, 27.576942443847656, 1156.678955078125, 0.0, 0.0, -0.0, -208.45941162109375, 166.78805541992188, 1054.6253662109375, -392.43072509765625, 324.8965759277344, 1125.279052734375, -156.59454345703125, 346.8329772949219, 1086.548095703125, 0.0, 0.0, -0.0, 0.0, 0.0, -0.0, 0.0, 0.0, -0.0, 0.0, 0.0, -0.0, -274.51263427734375, 335.8647766113281, 1105.91357421875]
timestamp: 435
---
numberOfJoints: 16
joints2D: [230.0, 103.0, 185.0, 181.0, 175.0, 284.0, 100.0, 180.0, 254.0, 182.0, 0.0, 0.0, 237.0, 258.0, 0.0, 0.0, 195.0, 329.0, 103.0, 391.0, 223.0, 412.0, 0.0, 0.0, 0.0, 0.0, 0.0, 0.0, 0.0, 0.0, 163.0, 401.0]
joints3D: [-199.54568481445312, -304.2054443359375, 1185.5, -298.6656494140625, -130.52122497558594, 1188.50439453125, -302.4852294921875, 92.11786651611328, 1115.5450439453125, -488.6275329589844, -134.1539306640625, 1187.367919921875, -151.85353088378906, -133.23570251464844, 1230.3387451171875, 0.0, 0.0, -0.0, -176.4846649169922, 38.86653137207031, 1135.200439453125, 0.0, 0.0, -0.0, -242.78036499023438, 173.60324096679688, 1035.9351806640625, -424.6387634277344, 295.1023864746094, 1045.866943359375, -187.97079467773438, 334.4115295410156, 1039.304443359375, 0.0, 0.0, -0.0, 0.0, 0.0, -0.0, 0.0, 0.0, -0.0, 0.0, 0.0, -0.0, -306.3047790527344, 314.7569580078125, 1042.585693359375]
timestamp: 436
---
numberOfJoints: 16
joints2D: [208.0, 112.0, 158.0, 189.0, 142.0, 293.0, 67.0, 182.0, 238.0, 194.0, 0.0, 0.0, 216.0, 274.0, 0.0, 0.0, 144.0, 322.0, 75.0, 405.0, 174.0, 423.0, 0.0, 0.0, 0.0, 0.0, 0.0, 0.0, 0.0, 0.0, 125.0, 414.0]
joints3D: [-243.15347290039062, -278.9529113769531, 1163.25, -352.27215576171875, -111.3428955078125, 1163.2503662109375, -357.93048095703125, 106.77792358398438, 1079.611572265625, -540.8570556640625, -123.73102569580078, 1143.6983642578125, -180.47137451171875, -101.08866882324219, 1181.8812255859375, 0.0, 0.0, -0.0, -218.45138549804688, 71.65433502197266, 1122.63720703125, 0.0, 0.0, -0.0, -367.65191650390625, 172.26620483398438, 1118.6357421875, -453.5478515625, 305.329833984375, 990.10009765625, -273.6297607421875, 344.4676513671875, 1001.845458984375, 0.0, 0.0, -0.0, 0.0, 0.0, -0.0, 0.0, 0.0, -0.0, 0.0, 0.0, -0.0, -363.58880615234375, 324.89874267578125, 995.9727783203125]
timestamp: 437
---
numberOfJoints: 16
joints2D: [207.0, 113.0, 153.0, 188.0, 135.0, 291.0, 61.0, 180.0, 233.0, 195.0, 0.0, 0.0, 0.0, 0.0, 0.0, 0.0, 0.0, 0.0, 63.0, 402.0, 163.0, 424.0, 0.0, 0.0, 0.0, 0.0, 0.0, 0.0, 0.0, 0.0, 114.0, 413.0]
joints3D: [-244.16326904296875, -275.3253173828125, 1154.3333740234375, -361.0823974609375, -113.06037902832031, 1154.333740234375, -369.7547607421875, 102.54354095458984, 1068.0645751953125, -549.5595703125, -128.12318420410156, 1135.6396484375, -190.55955505371094, -99.6596908569336, 1171.72314453125, 0.0, 0.0, -0.0, 0.0, 0.0, -0.0, 0.0, 0.0, -0.0, 0.0, 0.0, -0.0, -467.94281005859375, 296.4308166503906, 976.7561645507812, -288.91143798828125, 339.8641052246094, 986.8346557617188, 0.0, 0.0, -0.0, 0.0, 0.0, -0.0, 0.0, 0.0, -0.0, 0.0, 0.0, -0.0, -378.4271240234375, 318.1474609375, 981.79541015625]
timestamp: 438
---
numberOfJoints: 16
joints2D: [176.0, 124.0, 117.0, 200.0, 94.0, 310.0, 20.0, 192.0, 210.0, 209.0, 0.0, 0.0, 0.0, 0.0, 0.0, 0.0, 0.0, 0.0, 12.0, 429.0, 119.0, 454.0, 0.0, 0.0, 0.0, 0.0, 0.0, 0.0, 0.0, 0.0, 66.0, 441.0]
joints3D: [-295.6678466796875, -240.1691436767578, 1102.3333740234375, -418.07421875, -82.00253295898438, 1102.3336181640625, -427.5677490234375, 132.7930145263672, 1011.5440063476562, -606.4887084960938, -98.12654876708984, 1083.89453125, -229.65972900390625, -65.87852478027344, 1120.772705078125, 0.0, 0.0, -0.0, 0.0, 0.0, -0.0, 0.0, 0.0, -0.0, 0.0, 0.0, -0.0, -526.322265625, 324.7313537597656, 916.2724609375, -347.8003234863281, 370.4457702636719, 925.236328125, 0.0, 0.0, -0.0, 0.0, 0.0, -0.0, 0.0, 0.0, -0.0, 0.0, 0.0, -0.0, -437.0613098144531, 347.58856201171875, 920.75439453125]
timestamp: 439
---
numberOfJoints: 16
joints2D: [172.0, 128.0, 107.0, 202.0, 83.0, 312.0, 19.0, 197.0, 201.0, 208.0, 0.0, 0.0, 0.0, 0.0, 0.0, 0.0, 0.0, 0.0, -4.0, 437.0, 110.0, 463.0, 0.0, 0.0, 0.0, 0.0, 0.0, 0.0, 0.0, 0.0, 53.0, 450.0]
joints3D: [-297.97955322265625, -226.2322998046875, 1081.3333740234375, -430.36407470703125, -76.31787109375, 1081.3336181640625, -430.3640441894531, 132.00701904296875, 972.58740234375, -598.4144287109375, -85.48141479492188, 1063.161376953125, -245.53024291992188, -66.20291137695312, 1102.604736328125, 0.0, 0.0, -0.0, 0.0, 0.0, -0.0, 0.0, 0.0, -0.0, 0.0, 0.0, -0.0, -519.76513671875, 317.92816162109375, 859.8942260742188, -340.9629211425781, 362.73565673828125, 867.7881469726562, 0.0, 0.0, -0.0, 0.0, 0.0, -0.0, 0.0, 0.0, -0.0, 0.0, 0.0, -0.0, -430.364013671875, 340.3319091796875, 863.8411865234375]
timestamp: 440
---
numberOfJoints: 16
joints2D: [140.0, 138.0, 74.0, 217.0, 35.0, 333.0, 9.0, 213.0, 182.0, 225.0, 0.0, 0.0, 0.0, 0.0, 0.0, 0.0, 0.0, 0.0, -94.0, 468.0, 61.0, 506.0, 0.0, 0.0, 0.0, 0.0, 0.0, 0.0, 0.0, 0.0, -16.0, 487.0]
joints3D: [-341.3701477050781, -193.116455078125, 1012.75, -465.7513732910156, -42.88862609863281, 1013.6089477539062, -469.89007568359375, 153.33505249023438, 884.2916259765625, -582.71337890625, -51.280006408691406, 1001.9617919921875, -266.6406555175781, -30.049335479736328, 1034.7532958984375, 0.0, 0.0, -0.0, 0.0, 0.0, -0.0, 0.0, 0.0, -0.0, 0.0, 0.0, -0.0, -582.1630859375, 322.06451416015625, 752.740234375, -365.8945007324219, 377.05291748046875, 757.20849609375, 0.0, 0.0, -0.0, 0.0, 0.0, -0.0, 0.0, 0.0, -0.0, 0.0, 0.0, -0.0, -474.02880859375, 349.5587158203125, 754.974365234375]
timestamp: 441
---
numberOfJoints: 16
joints2D: [132.0, 143.0, 70.0, 221.0, 47.0, 349.0, 10.0, 224.0, 169.0, 217.0, 0.0, 0.0, 0.0, 0.0, 0.0, 0.0, 0.0, 0.0, -46.0, 495.0, 84.0, 517.0, 0.0, 0.0, 0.0, 0.0, 0.0, 0.0, 0.0, 0.0, 20.0, 506.0]
joints3D: [-345.7427978515625, -179.60137939453125, 983.0, -459.71539306640625, -34.235015869140625, 984.1494750976562, -455.65423583984375, 183.5027313232422, 894.599365234375, -563.1043090820312, -28.348888397216797, 971.4769897460938, -283.79425048828125, -42.872955322265625, 1007.2157592773438, 0.0, 0.0, -0.0, 0.0, 0.0, -0.0, 0.0, 0.0, -0.0, 0.0, 0.0, -0.0, -546.7476806640625, 382.28607177734375, 799.7827758789062, -356.4384460449219, 420.19488525390625, 810.3156127929688, 0.0, 0.0, -0.0, 0.0, 0.0, -0.0, 0.0, 0.0, -0.0, 0.0, 0.0, -0.0, -451.59307861328125, 401.240478515625, 805.0491943359375]
timestamp: 442
---
numberOfJoints: 16
joints2D: [132.0, 143.0, 70.0, 221.0, 47.0, 349.0, 10.0, 224.0, 169.0, 217.0, 0.0, 0.0, 0.0, 0.0, 0.0, 0.0, 0.0, 0.0, -46.0, 495.0, 84.0, 517.0, 0.0, 0.0, 0.0, 0.0, 0.0, 0.0, 0.0, 0.0, 20.0, 506.0]
joints3D: [-345.7427978515625, -179.60137939453125, 983.0, -459.71539306640625, -34.235015869140625, 984.1494750976562, -455.65423583984375, 183.5027313232422, 894.599365234375, -563.1043090820312, -28.348888397216797, 971.4769897460938, -283.79425048828125, -42.872955322265625, 1007.2157592773438, 0.0, 0.0, -0.0, 0.0, 0.0, -0.0, 0.0, 0.0, -0.0, 0.0, 0.0, -0.0, -546.7476806640625, 382.28607177734375, 799.7827758789062, -356.4384460449219, 420.19488525390625, 810.3156127929688, 0.0, 0.0, -0.0, 0.0, 0.0, -0.0, 0.0, 0.0, -0.0, 0.0, 0.0, -0.0, -451.59307861328125, 401.240478515625, 805.0491943359375]
timestamp: 443
---
numberOfJoints: 16
joints2D: [132.0, 143.0, 70.0, 221.0, 47.0, 349.0, 10.0, 224.0, 169.0, 217.0, 0.0, 0.0, 0.0, 0.0, 0.0, 0.0, 0.0, 0.0, -46.0, 495.0, 84.0, 517.0, 0.0, 0.0, 0.0, 0.0, 0.0, 0.0, 0.0, 0.0, 20.0, 506.0]
joints3D: [-345.7427978515625, -179.60137939453125, 983.0, -459.71539306640625, -34.235015869140625, 984.1494750976562, -455.65423583984375, 183.5027313232422, 894.599365234375, -563.1043090820312, -28.348888397216797, 971.4769897460938, -283.79425048828125, -42.872955322265625, 1007.2157592773438, 0.0, 0.0, -0.0, 0.0, 0.0, -0.0, 0.0, 0.0, -0.0, 0.0, 0.0, -0.0, -546.7476806640625, 382.28607177734375, 799.7827758789062, -356.4384460449219, 420.19488525390625, 810.3156127929688, 0.0, 0.0, -0.0, 0.0, 0.0, -0.0, 0.0, 0.0, -0.0, 0.0, 0.0, -0.0, -451.59307861328125, 401.240478515625, 805.0491943359375]
timestamp: 444
---
numberOfJoints: 16
joints2D: [132.0, 143.0, 70.0, 221.0, 47.0, 349.0, 10.0, 224.0, 169.0, 217.0, 0.0, 0.0, 0.0, 0.0, 0.0, 0.0, 0.0, 0.0, -46.0, 495.0, 84.0, 517.0, 0.0, 0.0, 0.0, 0.0, 0.0, 0.0, 0.0, 0.0, 20.0, 506.0]
joints3D: [-345.7427978515625, -179.60137939453125, 983.0, -459.71539306640625, -34.235015869140625, 984.1494750976562, -455.65423583984375, 183.5027313232422, 894.599365234375, -563.1043090820312, -28.348888397216797, 971.4769897460938, -283.79425048828125, -42.872955322265625, 1007.2157592773438, 0.0, 0.0, -0.0, 0.0, 0.0, -0.0, 0.0, 0.0, -0.0, 0.0, 0.0, -0.0, -546.7476806640625, 382.28607177734375, 799.7827758789062, -356.4384460449219, 420.19488525390625, 810.3156127929688, 0.0, 0.0, -0.0, 0.0, 0.0, -0.0, 0.0, 0.0, -0.0, 0.0, 0.0, -0.0, -451.59307861328125, 401.240478515625, 805.0491943359375]
timestamp: 445
---
